depth	min68.2%	max68.2%	best	accrate
3.58	5133	5756	5436	1258
3.59	5150	5764	5448	1257.93
3.6	5166	5774	5461	1257.74
3.61	5183	5784	5474	1257.42
3.62	5200	5793	5486	1256.98
3.63	5217	5802	5499	1256.42
3.64	5233	5811	5511	1255.73
3.65	5249	5820	5524	1254.93
3.66	5264	5830	5536	1254
3.67	5281	5839	5549	1252.95
3.68	5296	5849	5562	1251.78
3.69	5311	5857	5574	1250.49
3.7	5326	5867	5587	1249.07
3.71	5342	5876	5599	1247.53
3.72	5358	5886	5612	1245.87
3.73	5374	5895	5624	1244.09
3.74	5388	5905	5636	1242.19
3.75	5403	5915	5649	1240.16
3.76	5418	5924	5661	1238.01
3.77	5430	5934	5674	1235.74
3.78	5444	5944	5686	1233.35
3.79	5458	5954	5698	1230.84
3.8	5472	5965	5711	1228.2
3.81	5486	5976	5723	1225.44
3.82	5498	5986	5735	1222.56
3.83	5511	5996	5747	1219.56
3.84	5525	6006	5760	1216.44
3.85	5538	6016	5772	1213.19
3.86	5551	6028	5784	1209.82
3.87	5563	6038	5796	1206.33
3.88	5574	6048	5808	1202.72
3.89	5587	6060	5820	1198.98
3.9	5599	6072	5832	1195.13
3.91	5610	6083	5844	1191.15
3.92	5622	6093	5856	1187.05
3.93	5634	6106	5868	1182.83
3.94	5644	6118	5880	1178.48
3.95	5656	6129	5891	1174.02
3.96	5668	6141	5903	1169.43
3.97	5679	6153	5915	1164.72
3.98	5690	6163	5926	1159.88
3.99	5701	6176	5938	1154.93
4	5713	6186	5950	1149.85
4.01	5723	6198	5961	1144.65
4.02	5732	6211	5973	1139.33
4.03	5743	6223	5984	1133.89
4.04	5753	6234	5995	1128.32
4.05	5763	6246	6007	1122.64
4.06	5772	6258	6018	1116.83
4.07	5782	6270	6029	1110.9
4.08	5792	6280	6040	1104.84
4.09	5801	6293	6051	1098.67
4.1	5810	6304	6062	1092.37
4.11	5818	6316	6073	1085.95
4.12	5827	6328	6084	1079.41
4.13	5837	6340	6095	1072.75
4.14	5848	6353	6105	1065.96
4.15	5856	6365	6116	1059.06
4.16	5865	6377	6127	1052.03
4.17	5874	6389	6137	1044.87
4.18	5882	6401	6148	1037.6
4.19	5889	6414	6158	1030.21
4.2	5896	6426	6168	1022.69
4.21	5905	6437	6179	1015.05
4.22	5914	6450	6189	1007.29
4.23	5921	6462	6199	999.4
4.24	5929	6473	6209	991.4
4.25	5937	6485	6219	983.27
4.26	5945	6497	6229	975.02
4.27	5952	6508	6238	966.65
4.28	5959	6520	6248	958.15
4.29	5968	6532	6258	949.54
4.3	5975	6543	6267	940.8
4.31	5980	6555	6276	931.94
4.32	5987	6565	6286	922.96
4.33	5995	6576	6295	913.86
4.34	6001	6586	6304	904.63
4.35	6009	6597	6313	895.33
4.36	6016	6607	6322	886.16
4.37	6022	6618	6331	877.16
4.38	6029	6628	6340	868.33
4.39	6034	6638	6348	859.68
4.4	6039	6649	6357	851.21
4.41	6045	6660	6366	842.91
4.42	6050	6670	6374	834.78
4.43	6056	6681	6382	826.83
4.44	6061	6691	6391	819.05
4.45	6066	6702	6399	811.45
4.46	6073	6711	6407	804.02
4.47	6078	6722	6415	796.77
4.48	6084	6732	6423	789.69
4.49	6090	6743	6431	782.79
4.5	6094	6753	6439	776.06
4.51	6099	6763	6446	769.5
4.52	6105	6773	6454	763.12
4.53	6110	6784	6462	756.92
4.54	6114	6795	6469	750.89
4.55	6119	6805	6477	745.03
4.56	6123	6816	6484	739.35
4.57	6128	6826	6492	733.84
4.58	6132	6837	6499	728.51
4.59	6136	6846	6506	723.35
4.6	6140	6857	6513	718.36
4.61	6143	6868	6521	713.55
4.62	6148	6877	6528	708.92
4.63	6152	6886	6535	704.46
4.64	6156	6896	6542	700.17
4.65	6160	6905	6549	696.06
4.66	6164	6915	6556	692.13
4.67	6168	6926	6563	688.37
4.68	6172	6937	6570	684.78
4.69	6174	6946	6577	681.37
4.7	6178	6956	6583	678.13
4.71	6182	6968	6590	675.06
4.72	6187	6978	6597	672.17
4.73	6190	6988	6604	669.46
4.74	6195	6998	6610	666.92
4.75	6198	7008	6617	664.56
4.76	6202	7017	6624	662.36
4.77	6205	7027	6630	660.35
4.78	6209	7037	6637	658.51
4.79	6213	7047	6643	656.84
4.8	6215	7058	6650	655.35
4.81	6219	7069	6657	654.03
4.82	6224	7080	6663	652.89
4.83	6227	7092	6670	651.92
4.84	6233	7102	6676	651.12
4.85	6235	7113	6683	650.5
4.86	6239	7124	6689	650.06
4.87	6242	7134	6696	649.79
4.88	6245	7145	6702	649.69
4.89	6250	7158	6709	649.77
4.9	6252	7167	6715	650.02
4.91	6256	7178	6722	650.45
4.92	6260	7188	6728	651.06
4.93	6264	7202	6735	651.83
4.94	6267	7215	6741	652.78
4.95	6270	7225	6748	653.91
4.96	6274	7238	6754	655.21
4.97	6278	7250	6761	656.69
4.98	6282	7262	6767	658.34
4.99	6286	7274	6774	660.16
5	6290	7286	6781	662.16
5.01	6293	7298	6787	664.33
5.02	6296	7310	6794	666.68
5.03	6299	7323	6800	669.2
5.04	6302	7334	6807	671.9
5.05	6306	7344	6814	674.77
5.06	6311	7357	6821	677.82
5.07	6314	7366	6827	681.04
5.08	6320	7377	6834	684.44
5.09	6324	7389	6841	688.01
5.1	6328	7401	6848	691.75
5.11	6332	7415	6855	695.67
5.12	6334	7426	6862	699.76
5.13	6338	7438	6869	704.03
5.14	6341	7451	6876	708.47
5.15	6345	7464	6883	713.09
5.16	6350	7474	6890	717.88
5.17	6354	7483	6897	722.85
5.18	6357	7497	6904	727.99
5.19	6362	7509	6912	733.31
5.2	6368	7520	6919	738.8
5.21	6370	7531	6926	744.46
5.22	6373	7543	6934	750.3
5.23	6377	7557	6941	756.32
5.24	6383	7569	6949	762.51
5.25	6389	7583	6957	768.87
5.26	6394	7594	6964	775.41
5.27	6398	7605	6972	782.12
5.28	6403	7618	6980	789.01
5.29	6408	7631	6988	796.07
5.3	6413	7645	6996	803.3
5.31	6419	7658	7004	810.71
5.32	6425	7669	7012	818.3
5.33	6432	7680	7020	826.06
5.34	6436	7692	7028	833.99
5.35	6442	7704	7037	842.1
5.36	6449	7719	7045	850.39
5.37	6453	7731	7054	858.84
5.38	6459	7742	7062	867.48
5.39	6465	7756	7071	876.28
5.4	6471	7770	7080	885.27
5.41	6479	7784	7088	894.42
5.42	6486	7797	7097	903.75
5.43	6492	7811	7106	913.26
5.44	6500	7826	7116	922.94
5.45	6506	7840	7125	932.79
5.46	6513	7855	7134	942.82
5.47	6519	7870	7144	953.03
5.48	6526	7883	7153	963.4
5.49	6533	7897	7163	973.96
5.5	6540	7911	7172	984.68
5.51	6549	7925	7182	995.59
5.52	6556	7941	7192	1006.66
5.53	6564	7957	7202	1017.91
5.54	6572	7972	7213	1029.34
5.55	6581	7986	7223	1040.94
5.56	6589	8001	7233	1052.72
5.57	6596	8015	7244	1064.66
5.58	6605	8031	7254	1076.79
5.59	6613	8047	7265	1089.09
5.6	6621	8061	7276	1101.56
5.61	6631	8077	7287	1114.21
5.62	6640	8094	7298	1127.03
5.63	6649	8108	7309	1140.03
5.64	6658	8122	7321	1153.2
5.65	6668	8137	7332	1166.54
5.66	6678	8152	7344	1180.07
5.67	6687	8167	7356	1193.76
5.68	6696	8182	7368	1207.63
5.69	6705	8198	7380	1221.67
5.7	6715	8214	7392	1235.89
5.71	6726	8229	7404	1250.29
5.72	6736	8246	7417	1264.86
5.73	6747	8265	7430	1279.6
5.74	6758	8280	7442	1294.51
5.75	6769	8297	7455	1309.61
5.76	6780	8312	7468	1324.87
5.77	6791	8328	7482	1340.31
5.78	6803	8342	7495	1355.93
5.79	6814	8358	7509	1371.72
5.8	6825	8374	7522	1387.68
5.81	6837	8390	7536	1403.82
5.82	6848	8409	7550	1420.14
5.83	6860	8426	7565	1436.62
5.84	6874	8443	7579	1453.29
5.85	6886	8463	7593	1470.13
5.86	6900	8482	7608	1487.14
5.87	6913	8497	7623	1504.32
5.88	6927	8516	7638	1521.68
5.89	6941	8535	7653	1539.22
5.9	6955	8552	7669	1556.93
5.91	6970	8571	7684	1574.82
5.92	6985	8587	7700	1592.87
5.93	7000	8604	7716	1611.11
5.94	7015	8623	7732	1629.52
5.95	7030	8642	7748	1648.1
5.96	7045	8660	7765	1666.86
5.97	7060	8677	7781	1685.79
5.98	7075	8693	7798	1704.9
5.99	7091	8712	7815	1724.18
6	7108	8733	7833	1743.63
6.01	7124	8755	7850	1763.27
6.02	7140	8775	7868	1783.07
6.03	7158	8794	7885	1803.05
6.04	7174	8814	7904	1823.2
6.05	7190	8833	7922	1843.53
6.06	7209	8852	7940	1864.04
6.07	7228	8869	7959	1884.71
6.08	7245	8888	7978	1905.57
6.09	7264	8909	7997	1926.59
6.1	7284	8930	8016	1947.8
6.11	7303	8950	8035	1969.17
6.12	7323	8970	8055	1990.72
6.13	7342	8991	8075	2012.45
6.14	7362	9012	8095	2034.35
6.15	7382	9034	8116	2056.42
6.16	7403	9055	8136	2078.67
6.17	7423	9076	8157	2101.1
6.18	7444	9097	8178	2123.69
6.19	7466	9118	8199	2146.47
6.2	7488	9140	8221	2169.41
6.21	7509	9161	8242	2192.54
6.22	7531	9182	8264	2215.83
6.23	7553	9204	8286	2239.3
6.24	7577	9225	8309	2262.95
6.25	7600	9247	8331	2286.77
6.26	7623	9268	8354	2310.76
6.27	7647	9291	8377	2334.93
6.28	7672	9313	8401	2359.28
6.29	7696	9336	8424	2383.8
6.3	7721	9358	8448	2408.49
6.31	7746	9382	8472	2433.36
6.32	7771	9406	8497	2458.4
6.33	7797	9429	8521	2483.62
6.34	7823	9453	8546	2509.01
6.35	7850	9476	8571	2534.57
6.36	7877	9499	8596	2560.31
6.37	7903	9524	8622	2586.23
6.38	7931	9549	8648	2612.32
6.39	7960	9572	8674	2638.58
6.4	7987	9595	8700	2665.02
6.41	8016	9620	8727	2691.63
6.42	8045	9645	8754	2718.42
6.43	8074	9671	8781	2745.38
6.44	8105	9696	8809	2772.52
6.45	8135	9721	8836	2799.83
6.46	8165	9744	8864	2827.32
6.47	8195	9770	8893	2854.98
6.48	8225	9795	8921	2882.81
6.49	8257	9822	8950	2910.82
6.5	8288	9849	8979	2939.01
6.51	8321	9874	9008	2967.37
6.52	8354	9900	9038	2995.9
6.53	8386	9927	9068	3024.61
6.54	8420	9954	9098	3053.49
6.55	8454	9980	9129	3082.55
6.56	8489	10007	9160	3111.78
6.57	8523	10035	9191	3141.19
6.58	8558	10062	9222	3170.77
6.59	8594	10090	9254	3200.53
6.6	8630	10117	9286	3230.46
6.61	8667	10145	9318	3260.56
6.62	8704	10173	9351	3290.84
6.63	8740	10200	9384	3321.29
6.64	8777	10228	9417	3351.92
6.65	8815	10257	9451	3382.72
6.66	8854	10285	9484	3413.7
6.67	8892	10314	9518	3444.85
6.68	8931	10342	9553	3476.18
6.69	8970	10371	9588	3507.68
6.7	9010	10400	9623	3539.36
6.71	9051	10431	9658	3571.21
6.72	9091	10459	9694	3603.23
6.73	9132	10488	9730	3635.43
6.74	9174	10517	9766	3667.81
6.75	9215	10548	9803	3700.36
6.76	9257	10578	9840	3733.08
6.77	9300	10609	9877	3765.98
6.78	9345	10639	9915	3799.05
6.79	9388	10669	9953	3832.3
6.8	9432	10700	9991	3865.72
6.81	9477	10730	10030	3899.31
6.82	9522	10762	10069	3933.08
6.83	9568	10792	10108	3967.03
6.84	9614	10826	10148	4001.15
6.85	9661	10856	10188	4035.44
6.86	9708	10888	10228	4069.91
6.87	9755	10920	10269	4104.56
6.88	9803	10953	10310	4139.37
6.89	9852	10984	10351	4174.37
6.9	9901	11017	10393	4209.53
6.91	9950	11048	10435	4244.88
6.92	10000	11081	10478	4280.39
6.93	10050	11117	10520	4316.08
6.94	10101	11151	10564	4351.95
6.95	10153	11186	10607	4387.99
6.96	10205	11220	10651	4424.2
6.97	10257	11255	10695	4460.59
6.98	10310	11289	10740	4497.16
6.99	10363	11323	10785	4533.9
7	10418	11356	10830	4570.81
7.01	10471	11391	10876	4607.9
7.02	10525	11426	10922	4645.16
7.03	10580	11461	10968	4682.59
7.04	10637	11497	11015	4720.21
7.05	10693	11531	11062	4757.27
7.06	10750	11569	11110	4790.9
7.07	10807	11605	11158	4820.38
7.08	10865	11642	11206	4845.71
7.09	10924	11678	11255	4866.88
7.1	10982	11716	11303	4883.9
7.11	11041	11753	11352	4896.77
7.12	11100	11789	11401	4905.48
7.13	11158	11825	11450	4910.05
7.14	11217	11863	11499	4910.45
7.15	11275	11900	11548	4906.71
7.16	11333	11939	11597	4898.81
7.17	11391	11975	11646	4886.76
7.18	11450	12012	11695	4870.56
7.19	11508	12048	11744	4850.2
7.2	11565	12084	11792	4825.69
7.21	11622	12122	11841	4797.02
7.22	11678	12158	11889	4764.21
7.23	11733	12192	11936	4727.24
7.24	11788	12229	11984	4686.11
7.25	11842	12264	12030	4640.77
7.26	11895	12299	12077	4590.92
7.27	11948	12335	12123	4536.49
7.28	12000	12370	12168	4477.48
7.29	12052	12406	12213	4413.9
7.3	12102	12441	12257	4345.74
7.31	12152	12475	12301	4273.01
7.32	12200	12511	12343	2688.46
7.78	13402	13735	13580	NA
