depth	min68.2%	max68.2%	best	accrate
3.58	4992	5768	5381	1425.99
3.59	5012	5777	5395	1425.99
3.6	5031	5787	5409	1425.99
3.61	5048	5797	5424	1425.99
3.62	5066	5808	5438	1425.99
3.63	5085	5818	5452	1425.99
3.64	5103	5829	5466	1425.99
3.65	5121	5838	5481	1425.99
3.66	5140	5847	5495	1425.99
3.67	5157	5857	5509	1425.99
3.68	5176	5868	5523	1425.99
3.69	5194	5878	5538	1425.99
3.7	5213	5888	5552	1425.99
3.71	5231	5897	5566	1425.99
3.72	5249	5909	5580	1425.99
3.73	5266	5918	5595	1425.99
3.74	5284	5930	5609	1425.99
3.75	5301	5941	5623	1425.99
3.76	5319	5954	5637	1425.99
3.77	5337	5963	5652	1425.99
3.78	5356	5974	5666	1425.99
3.79	5373	5985	5680	1425.99
3.8	5389	5996	5694	1425.99
3.81	5407	6010	5709	1425.99
3.82	5422	6021	5723	1425.99
3.83	5439	6033	5737	1425.99
3.84	5458	6046	5751	1425.99
3.85	5473	6058	5766	1425.99
3.86	5489	6069	5780	1425.99
3.87	5506	6081	5794	1425.99
3.88	5522	6094	5809	1425.99
3.89	5537	6107	5823	1425.99
3.9	5553	6118	5837	1425.99
3.91	5569	6132	5851	1425.99
3.92	5585	6144	5866	1425.99
3.93	5601	6160	5880	1425.99
3.94	5617	6173	5894	1425.99
3.95	5632	6187	5908	1425.99
3.96	5648	6201	5923	1425.99
3.97	5664	6215	5937	1425.99
3.98	5677	6229	5951	1425.99
3.99	5691	6243	5965	1425.99
4	5706	6259	5980	1425.99
4.01	5718	6273	5994	1425.99
4.02	5732	6289	6008	1425.99
4.03	5746	6304	6022	1425.99
4.04	5760	6320	6037	1425.99
4.05	5774	6335	6051	1425.99
4.06	5787	6351	6065	1425.99
4.07	5800	6367	6079	1425.99
4.08	5813	6381	6094	1425.99
4.09	5825	6396	6108	1425.99
4.1	5837	6413	6122	1425.99
4.11	5850	6428	6137	1425.99
4.12	5862	6444	6151	1425.99
4.13	5874	6460	6165	1425.99
4.14	5886	6478	6179	1425.99
4.15	5898	6494	6194	1425.99
4.16	5909	6510	6208	1425.99
4.17	5920	6528	6222	1425.99
4.18	5930	6545	6236	1425.99
4.19	5940	6561	6251	1425.99
4.2	5951	6579	6265	1425.99
4.21	5961	6596	6279	1425.99
4.22	5971	6612	6293	1425.99
4.23	5982	6630	6308	1425.99
4.24	5994	6649	6322	1425.99
4.25	6004	6667	6336	1425.99
4.26	6016	6685	6350	1425.99
4.27	6027	6702	6365	1425.99
4.28	6036	6720	6379	1425.99
4.29	6045	6737	6393	1425.99
4.3	6054	6756	6407	1425.99
4.31	6065	6776	6422	1425.99
4.32	6076	6795	6436	1425.99
4.33	6086	6814	6450	1425.99
4.34	6097	6832	6464	1425.99
4.35	6106	6850	6479	363.48
4.36	6111	6852	6482	363.48
4.37	6115	6855	6486	363.48
4.38	6120	6857	6490	363.48
4.39	6124	6860	6493	363.48
4.4	6130	6863	6497	363.48
4.41	6134	6865	6501	363.48
4.42	6140	6868	6504	363.48
4.43	6144	6870	6508	363.48
4.44	6148	6873	6511	363.48
4.45	6153	6874	6515	363.48
4.46	6157	6876	6519	363.48
4.47	6162	6878	6522	363.48
4.48	6166	6881	6526	363.48
4.49	6170	6884	6530	363.48
4.5	6175	6886	6533	363.48
4.51	6178	6888	6537	363.48
4.52	6184	6890	6541	363.48
4.53	6189	6893	6544	363.48
4.54	6193	6896	6548	363.48
4.55	6197	6900	6551	363.48
4.56	6202	6903	6555	363.48
4.57	6206	6905	6559	363.48
4.58	6212	6908	6562	363.48
4.59	6217	6911	6566	363.48
4.6	6222	6914	6570	363.48
4.61	6227	6917	6573	363.48
4.62	6232	6919	6577	363.48
4.63	6237	6922	6581	363.48
4.64	6241	6926	6584	363.48
4.65	6246	6928	6588	363.48
4.66	6251	6931	6591	363.48
4.67	6256	6933	6595	363.48
4.68	6260	6937	6599	363.48
4.69	6264	6940	6602	363.48
4.7	6268	6942	6606	363.48
4.71	6272	6945	6610	363.48
4.72	6276	6948	6613	363.48
4.73	6281	6950	6617	363.48
4.74	6285	6953	6620	363.48
4.75	6290	6957	6624	363.48
4.76	6294	6959	6628	363.48
4.77	6299	6962	6631	363.48
4.78	6302	6964	6635	363.48
4.79	6305	6968	6639	363.48
4.8	6310	6970	6642	363.48
4.81	6314	6973	6646	363.48
4.82	6319	6976	6650	363.48
4.83	6324	6979	6653	363.48
4.84	6328	6981	6657	363.48
4.85	6332	6985	6660	363.48
4.86	6337	6988	6664	363.48
4.87	6341	6990	6668	363.48
4.88	6345	6993	6671	363.48
4.89	6349	6996	6675	363.48
4.9	6354	6998	6679	363.48
4.91	6357	7001	6682	363.48
4.92	6361	7004	6686	363.48
4.93	6365	7007	6690	363.48
4.94	6369	7011	6693	363.48
4.95	6373	7013	6697	363.48
4.96	6377	7016	6700	363.48
4.97	6381	7020	6704	363.48
4.98	6386	7023	6708	363.48
4.99	6390	7027	6711	363.48
5	6394	7030	6715	363.48
5.01	6397	7033	6719	363.48
5.02	6402	7037	6722	363.48
5.03	6406	7040	6726	363.48
5.04	6410	7044	6730	363.48
5.05	6414	7047	6733	363.48
5.06	6418	7050	6737	363.48
5.07	6423	7054	6740	363.48
5.08	6427	7057	6744	363.48
5.09	6431	7061	6748	363.48
5.1	6435	7064	6751	363.48
5.11	6440	7068	6755	363.48
5.12	6444	7070	6759	363.48
5.13	6448	7073	6762	363.48
5.14	6452	7076	6766	363.48
5.15	6456	7079	6770	363.48
5.16	6461	7083	6773	363.48
5.17	6465	7086	6777	363.48
5.18	6468	7090	6780	363.48
5.19	6471	7094	6784	363.48
5.2	6475	7097	6788	363.48
5.21	6477	7100	6791	363.48
5.22	6481	7103	6795	363.48
5.23	6485	7106	6799	363.48
5.24	6488	7110	6802	363.48
5.25	6492	7113	6806	363.48
5.26	6496	7116	6810	363.48
5.27	6500	7120	6813	363.48
5.28	6505	7123	6817	363.48
5.29	6508	7126	6820	363.48
5.3	6513	7129	6824	363.48
5.31	6517	7132	6828	363.48
5.32	6521	7136	6831	363.48
5.33	6525	7140	6835	363.48
5.34	6528	7143	6839	363.48
5.35	6532	7147	6842	363.48
5.36	6536	7151	6846	363.48
5.37	6540	7155	6849	363.48
5.38	6543	7159	6853	363.48
5.39	6547	7162	6857	363.48
5.4	6551	7165	6860	363.48
5.41	6555	7168	6864	363.48
5.42	6559	7172	6868	363.48
5.43	6562	7175	6871	363.48
5.44	6565	7178	6875	363.48
5.45	6570	7182	6879	363.48
5.46	6573	7186	6882	363.48
5.47	6576	7191	6886	363.48
5.48	6580	7195	6889	363.48
5.49	6584	7198	6893	363.48
5.5	6588	7202	6897	363.48
5.51	6592	7205	6900	363.48
5.52	6595	7209	6904	363.48
5.53	6598	7213	6908	363.48
5.54	6602	7217	6911	363.48
5.55	6606	7221	6915	363.48
5.56	6610	7225	6919	363.48
5.57	6614	7228	6922	363.48
5.58	6617	7232	6926	363.48
5.59	6620	7237	6929	363.48
5.6	6623	7241	6933	363.48
5.61	6627	7245	6937	363.48
5.62	6630	7250	6940	363.48
5.63	6634	7254	6944	363.48
5.64	6637	7258	6948	363.48
5.65	6641	7263	6951	363.48
5.66	6646	7267	6955	363.48
5.67	6649	7271	6959	363.48
5.68	6652	7275	6962	363.48
5.69	6655	7279	6966	363.48
5.7	6658	7283	6969	363.48
5.71	6661	7287	6973	363.48
5.72	6664	7291	6977	363.48
5.73	6668	7296	6980	363.48
5.74	6671	7300	6984	363.48
5.75	6675	7304	6988	363.48
5.76	6678	7309	6991	363.48
5.77	6681	7312	6995	363.48
5.78	6684	7316	6999	363.48
5.79	6686	7320	7002	363.48
5.8	6690	7323	7006	363.48
5.81	6694	7328	7009	363.48
5.82	6697	7332	7013	363.48
5.83	6700	7337	7017	363.48
5.84	6703	7340	7020	363.48
5.85	6706	7345	7024	363.48
5.86	6709	7350	7028	363.48
5.87	6711	7354	7031	363.48
5.88	6714	7358	7035	363.48
5.89	6717	7362	7039	363.48
5.9	6720	7366	7042	363.48
5.91	6723	7371	7046	363.48
5.92	6727	7375	7049	363.48
5.93	6729	7380	7053	363.48
5.94	6732	7384	7057	363.48
5.95	6735	7388	7060	363.48
5.96	6738	7393	7064	363.48
5.97	6741	7397	7068	363.48
5.98	6744	7402	7071	363.48
5.99	6747	7406	7075	363.48
6	6750	7410	7078	363.48
6.01	6753	7415	7082	363.48
6.02	6756	7418	7086	363.48
6.03	6759	7423	7089	363.48
6.04	6761	7427	7093	363.48
6.05	6764	7431	7097	363.48
6.06	6767	7435	7100	363.48
6.07	6771	7440	7104	363.48
6.08	6774	7444	7108	363.48
6.09	6777	7449	7111	363.48
6.1	6780	7454	7115	363.48
6.11	6783	7459	7118	363.48
6.12	6786	7463	7122	363.48
6.13	6789	7469	7126	363.48
6.14	6791	7473	7129	363.48
6.15	6794	7477	7133	363.48
6.16	6797	7482	7137	363.48
6.17	6800	7487	7140	363.48
6.18	6802	7491	7144	363.48
6.19	6804	7496	7148	363.48
6.2	6808	7502	7151	363.48
6.21	6810	7507	7155	363.48
6.22	6813	7512	7158	363.48
6.23	6816	7518	7162	363.48
6.24	6818	7522	7166	363.48
6.25	6821	7527	7169	363.48
6.26	6824	7532	7173	363.48
6.27	6826	7537	7177	363.48
6.28	6829	7541	7180	363.48
6.29	6832	7546	7184	363.48
6.3	6834	7551	7188	363.48
6.31	6836	7556	7191	363.48
6.32	6838	7561	7195	363.48
6.33	6841	7566	7198	363.48
6.34	6843	7570	7202	363.48
6.35	6846	7575	7206	363.48
6.36	6848	7581	7209	363.48
6.37	6851	7585	7213	363.48
6.38	6853	7589	7217	363.48
6.39	6856	7594	7220	363.48
6.4	6858	7599	7224	363.48
6.41	6861	7603	7228	363.48
6.42	6864	7607	7231	363.48
6.43	6866	7612	7235	363.48
6.44	6869	7615	7238	363.48
6.45	6871	7620	7242	363.48
6.46	6874	7624	7246	363.48
6.47	6877	7630	7249	363.48
6.48	6879	7634	7253	363.48
6.49	6881	7640	7257	363.48
6.5	6884	7644	7260	363.48
6.51	6887	7649	7264	363.48
6.52	6889	7654	7267	363.48
6.53	6891	7659	7271	363.48
6.54	6894	7663	7275	363.48
6.55	6896	7668	7278	363.48
6.56	6898	7673	7282	363.48
6.57	6900	7678	7286	363.48
6.58	6903	7683	7289	363.48
6.59	6906	7689	7293	363.48
6.6	6908	7693	7297	363.48
6.61	6910	7699	7300	363.48
6.62	6911	7703	7304	363.48
6.63	6914	7708	7307	363.48
6.64	6916	7713	7311	363.48
6.65	6919	7718	7315	363.48
6.66	6922	7723	7318	363.48
6.67	6925	7728	7322	363.48
6.68	6928	7734	7326	363.48
6.69	6929	7739	7329	363.48
6.7	6932	7744	7333	363.48
6.71	6934	7749	7337	363.48
6.72	6936	7755	7340	363.48
6.73	6939	7760	7344	363.48
6.74	6941	7766	7347	363.48
6.75	6943	7771	7351	363.48
6.76	6945	7775	7355	363.48
6.77	6947	7780	7358	363.48
6.78	6950	7786	7362	363.48
6.79	6952	7790	7366	363.48
6.8	6955	7795	7369	363.48
6.81	6957	7800	7373	363.48
6.82	6960	7805	7377	363.48
6.83	6962	7809	7380	363.48
6.84	6964	7815	7384	363.48
6.85	6967	7820	7387	363.48
6.86	6968	7827	7391	363.48
6.87	6970	7832	7395	363.48
6.88	6972	7837	7398	363.48
6.89	6974	7843	7402	363.48
6.9	6977	7849	7406	363.48
6.91	6979	7854	7409	363.48
6.92	6981	7859	7413	363.48
6.93	6985	7865	7417	363.48
6.94	6988	7870	7420	363.48
6.95	6990	7876	7424	363.48
6.96	6992	7881	7427	363.48
6.97	6994	7887	7431	363.48
6.98	6995	7892	7435	363.48
6.99	6997	7898	7438	363.48
7	6999	7902	7442	363.48
7.01	7000	7907	7446	363.48
7.02	7002	7913	7449	363.48
7.03	7004	7917	7453	363.48
7.04	7007	7923	7457	363.48
7.05	7010	7929	7460	22179.74
7.06	7253	8126	7682	22179.74
7.07	7497	8326	7904	22179.74
7.08	7740	8526	8126	22179.74
7.09	7983	8724	8347	22179.74
7.1	8226	8923	8569	22179.74
7.11	8469	9121	8791	22179.74
7.12	8710	9322	9013	22179.74
7.13	8951	9520	9235	22179.74
7.14	9191	9722	9456	22179.74
7.15	9432	9926	9678	22179.74
7.16	9671	10132	9900	22179.74
7.17	9907	10339	10122	22179.74
7.18	10144	10546	10344	22179.74
7.19	10377	10755	10565	22179.74
7.2	10607	10966	10787	22179.74
7.21	10833	11182	11009	22179.74
7.22	11059	11403	11231	22179.74
7.23	11278	11624	11452	22179.74
7.24	11496	11852	11674	22179.74
7.25	11710	12082	11896	15136.34
7.26	11888	12206	12047	15136.34
7.27	12064	12332	12199	15136.34
7.28	12239	12462	12350	15136.34
7.29	12409	12595	12502	15136.34
7.3	12572	12735	12653	15136.34
7.31	12727	12883	12804	15136.34
7.32	12872	13042	12956	NA
