depth	min68.2%	max68.2%	best	accrate
3.58	5455	6272	5935	-1535.91
3.59	5447	6252	5920	-1504.37
3.6	5440	6236	5905	-1472.94
3.61	5433	6218	5890	-1441.63
3.62	5427	6202	5876	-1410.43
3.63	5421	6185	5861	-1379.35
3.64	5415	6166	5848	-1348.38
3.65	5409	6147	5834	-1317.53
3.66	5404	6132	5821	-1286.79
3.67	5399	6118	5808	-1256.17
3.68	5391	6103	5796	-1225.66
3.69	5386	6090	5783	-1195.27
3.7	5382	6077	5771	-1164.99
3.71	5377	6067	5760	-1134.82
3.72	5373	6056	5748	-1104.77
3.73	5370	6047	5737	-1074.84
3.74	5366	6035	5727	-1045.02
3.75	5361	6025	5716	-1015.31
3.76	5355	6016	5706	-985.72
3.77	5350	6006	5696	-956.25
3.78	5343	5998	5686	-926.88
3.79	5336	5990	5677	-897.64
3.8	5327	5984	5668	-868.5
3.81	5321	5977	5660	-839.49
3.82	5314	5971	5651	-810.58
3.83	5303	5967	5643	-781.8
3.84	5296	5962	5635	-753.12
3.85	5289	5958	5628	-724.56
3.86	5282	5954	5620	-696.12
3.87	5274	5952	5614	-667.79
3.88	5267	5948	5607	-639.58
3.89	5260	5944	5600	-611.47
3.9	5253	5940	5594	-583.49
3.91	5247	5938	5588	-555.62
3.92	5238	5936	5583	-527.86
3.93	5233	5935	5578	-500.22
3.94	5226	5934	5573	-472.69
3.95	5221	5932	5568	-445.28
3.96	5215	5934	5563	-417.98
3.97	5208	5935	5559	-390.8
3.98	5203	5936	5555	-363.73
3.99	5197	5939	5552	-336.78
4	5194	5943	5548	-309.94
4.01	5190	5946	5545	-283.22
4.02	5186	5950	5542	-256.61
4.03	5180	5953	5540	-230.11
4.04	5177	5955	5538	-203.73
4.05	5173	5959	5536	-177.47
4.06	5171	5965	5534	-151.32
4.07	5168	5969	5532	-125.28
4.08	5164	5974	5531	-99.36
4.09	5158	5979	5530	-73.56
4.1	5156	5984	5529	-47.86
4.11	5152	5989	5529	-22.29
4.12	5149	5995	5529	3.18
4.13	5146	6001	5529	28.52
4.14	5145	6006	5529	53.76
4.15	5142	6011	5529	78.88
4.16	5140	6019	5530	103.88
4.17	5139	6027	5531	128.77
4.18	5138	6035	5533	153.54
4.19	5136	6043	5534	178.2
4.2	5136	6049	5536	202.75
4.21	5137	6055	5538	227.18
4.22	5137	6063	5540	251.49
4.23	5138	6072	5543	275.69
4.24	5138	6078	5545	299.78
4.25	5139	6085	5548	323.75
4.26	5140	6093	5552	347.61
4.27	5140	6099	5555	371.35
4.28	5141	6108	5559	394.98
4.29	5139	6116	5563	418.49
4.3	5141	6124	5567	441.89
4.31	5142	6134	5571	465.17
4.32	5145	6141	5576	488.34
4.33	5149	6149	5581	511.39
4.34	5153	6158	5586	534.33
4.35	5156	6168	5591	557.16
4.36	5156	6177	5597	579.87
4.37	5159	6187	5603	602.46
4.38	5162	6197	5609	624.94
4.39	5165	6206	5615	647.31
4.4	5169	6218	5622	669.56
4.41	5173	6231	5628	691.7
4.42	5175	6242	5635	713.72
4.43	5179	6254	5642	735.63
4.44	5185	6266	5650	757.42
4.45	5188	6278	5657	779.1
4.46	5194	6291	5665	800.66
4.47	5201	6305	5673	822.11
4.48	5206	6318	5681	843.44
4.49	5210	6331	5690	864.66
4.5	5215	6343	5698	885.77
4.51	5220	6357	5707	906.76
4.52	5224	6369	5716	927.63
4.53	5231	6383	5725	948.39
4.54	5238	6398	5735	969.04
4.55	5244	6412	5745	989.57
4.56	5252	6427	5755	1009.99
4.57	5259	6441	5765	1030.29
4.58	5266	6456	5775	1050.47
4.59	5272	6470	5785	1070.55
4.6	5277	6485	5796	1090.5
4.61	5284	6500	5807	1110.35
4.62	5291	6515	5818	1130.07
4.63	5295	6530	5829	1149.69
4.64	5301	6545	5841	1169.19
4.65	5310	6561	5853	1188.57
4.66	5318	6577	5865	1207.84
4.67	5327	6593	5877	1227
4.68	5334	6609	5889	1246.04
4.69	5344	6625	5901	1264.96
4.7	5350	6641	5914	1283.77
4.71	5356	6657	5927	1302.47
4.72	5364	6673	5940	1321.05
4.73	5375	6690	5953	1339.52
4.74	5386	6705	5966	1357.87
4.75	5396	6721	5980	1376.11
4.76	5406	6738	5994	1394.23
4.77	5416	6756	6008	1412.24
4.78	5426	6773	6022	1430.13
4.79	5437	6791	6036	1447.91
4.8	5446	6808	6051	1465.57
4.81	5458	6825	6065	1483.12
4.82	5469	6843	6080	1500.56
4.83	5483	6861	6095	1517.88
4.84	5495	6879	6110	1535.08
4.85	5508	6897	6126	1552.17
4.86	5523	6914	6141	1569.15
4.87	5536	6932	6157	1586.01
4.88	5549	6951	6173	1602.75
4.89	5562	6969	6189	1619.39
4.9	5577	6988	6205	1635.9
4.91	5590	7007	6221	1652.31
4.92	5603	7025	6238	1668.59
4.93	5615	7044	6255	1684.77
4.94	5629	7062	6271	1700.82
4.95	5645	7081	6288	1716.77
4.96	5660	7099	6306	1732.6
4.97	5674	7118	6323	1748.31
4.98	5692	7137	6340	1763.91
4.99	5707	7156	6358	1779.4
5	5721	7176	6376	1794.77
5.01	5737	7195	6394	1810.02
5.02	5755	7214	6412	1825.16
5.03	5771	7234	6430	1840.19
5.04	5790	7253	6449	1855.1
5.05	5806	7272	6467	1869.9
5.06	5822	7292	6486	1884.58
5.07	5839	7312	6505	1899.15
5.08	5853	7332	6524	1913.6
5.09	5870	7352	6543	1927.94
5.1	5887	7373	6562	1942.16
5.11	5905	7394	6581	1956.27
5.12	5925	7413	6601	1970.26
5.13	5943	7434	6621	1984.14
5.14	5961	7455	6641	1997.91
5.15	5981	7476	6661	2011.56
5.16	6001	7496	6681	2025.09
5.17	6021	7517	6701	2038.51
5.18	6042	7539	6721	2051.82
5.19	6063	7559	6742	2065.01
5.2	6083	7581	6762	2078.09
5.21	6103	7601	6783	2091.05
5.22	6125	7623	6804	2103.9
5.23	6146	7644	6825	2116.63
5.24	6168	7666	6846	2129.25
5.25	6190	7687	6868	2141.75
5.26	6211	7708	6889	2154.14
5.27	6232	7730	6911	2166.41
5.28	6253	7751	6932	2178.57
5.29	6275	7773	6954	2190.62
5.3	6296	7795	6976	2202.55
5.31	6319	7816	6998	2214.36
5.32	6343	7838	7020	2226.06
5.33	6366	7861	7042	2237.65
5.34	6390	7883	7065	2249.12
5.35	6412	7906	7087	2260.47
5.36	6434	7928	7110	2271.72
5.37	6457	7950	7133	2282.84
5.38	6481	7972	7155	2293.85
5.39	6502	7995	7178	2304.75
5.4	6526	8017	7201	2315.53
5.41	6551	8038	7225	2326.2
5.42	6577	8061	7248	2336.76
5.43	6600	8083	7271	2347.2
5.44	6623	8106	7295	2357.52
5.45	6648	8128	7318	2367.73
5.46	6672	8151	7342	2377.82
5.47	6696	8174	7366	2387.8
5.48	6718	8197	7390	2397.67
5.49	6743	8220	7414	2407.42
5.5	6768	8243	7438	2417.06
5.51	6793	8265	7462	2426.58
5.52	6818	8288	7486	2435.98
5.53	6842	8310	7510	2445.28
5.54	6867	8333	7535	2454.45
5.55	6891	8355	7559	2463.52
5.56	6917	8378	7584	2472.46
5.57	6943	8401	7609	2481.3
5.58	6968	8425	7634	2490.02
5.59	6994	8448	7658	2498.62
5.6	7022	8472	7683	2507.11
5.61	7050	8496	7709	2515.48
5.62	7076	8520	7734	2523.74
5.63	7104	8543	7759	2531.89
5.64	7131	8566	7784	2539.92
5.65	7158	8589	7810	2547.83
5.66	7186	8613	7835	2555.64
5.67	7211	8636	7861	2563.32
5.68	7238	8660	7886	2570.89
5.69	7265	8684	7912	2578.35
5.7	7292	8707	7938	2585.69
5.71	7320	8732	7964	2592.92
5.72	7348	8755	7990	2600.03
5.73	7377	8780	8016	2607.03
5.74	7403	8804	8042	2613.92
5.75	7432	8828	8068	2620.68
5.76	7460	8852	8094	2627.34
5.77	7488	8876	8120	2633.88
5.78	7514	8900	8147	2640.3
5.79	7544	8924	8173	2646.61
5.8	7571	8948	8199	2652.81
5.81	7601	8973	8226	2658.89
5.82	7631	8997	8253	2664.86
5.83	7661	9022	8279	2670.71
5.84	7690	9046	8306	2676.44
5.85	7717	9070	8333	2682.07
5.86	7747	9095	8360	2687.57
5.87	7776	9118	8386	2692.97
5.88	7805	9143	8413	2698.24
5.89	7834	9168	8440	2703.41
5.9	7865	9193	8467	2708.46
5.91	7894	9217	8494	2713.39
5.92	7923	9241	8522	2718.21
5.93	7952	9265	8549	2722.91
5.94	7981	9289	8576	2727.5
5.95	8012	9313	8603	2731.98
5.96	8042	9338	8631	2736.34
5.97	8071	9363	8658	2740.59
5.98	8101	9388	8685	2744.72
5.99	8132	9412	8713	2748.73
6	8161	9437	8740	2752.64
6.01	8190	9460	8768	2756.42
6.02	8220	9486	8795	2760.1
6.03	8250	9510	8823	2763.65
6.04	8281	9535	8851	2767.1
6.05	8310	9559	8878	2770.42
6.06	8339	9584	8906	2773.64
6.07	8369	9608	8934	2776.74
6.08	8400	9634	8962	2779.72
6.09	8430	9659	8989	2782.59
6.1	8459	9683	9017	2785.35
6.11	8489	9707	9045	2787.99
6.12	8523	9733	9073	2790.51
6.13	8552	9757	9101	2792.92
6.14	8582	9782	9129	2795.22
6.15	8611	9806	9157	2797.4
6.16	8641	9831	9185	2799.47
6.17	8672	9855	9213	2801.42
6.18	8703	9881	9241	2803.26
6.19	8734	9905	9269	2804.98
6.2	8765	9930	9297	2806.59
6.21	8795	9955	9325	2808.08
6.22	8827	9979	9353	2809.46
6.23	8858	10004	9381	2810.73
6.24	8890	10030	9409	2811.87
6.25	8921	10055	9437	2812.91
6.26	8950	10079	9465	2813.83
6.27	8981	10103	9493	2814.63
6.28	9012	10127	9522	2815.33
6.29	9042	10152	9550	2815.9
6.3	9073	10177	9578	2816.36
6.31	9105	10202	9606	2816.71
6.32	9135	10226	9634	2816.94
6.33	9166	10251	9662	2817.06
6.34	9197	10275	9691	2817.06
6.35	9228	10300	9719	2816.95
6.36	9258	10324	9747	2816.72
6.37	9289	10349	9775	2816.38
6.38	9321	10374	9803	2815.92
6.39	9351	10398	9831	2815.35
6.4	9382	10422	9860	2814.67
6.41	9414	10446	9888	2813.87
6.42	9444	10471	9916	2812.95
6.43	9474	10496	9944	2811.92
6.44	9505	10521	9972	2810.78
6.45	9536	10545	10000	2809.52
6.46	9567	10569	10028	2808.15
6.47	9598	10593	10056	2806.66
6.48	9628	10617	10084	2805.06
6.49	9660	10642	10112	2803.34
6.5	9689	10666	10141	2801.51
6.51	9718	10690	10169	2799.56
6.52	9750	10713	10197	2797.5
6.53	9782	10737	10225	2795.32
6.54	9812	10761	10252	2793.03
6.55	9842	10784	10280	2790.62
6.56	9872	10809	10308	2788.1
6.57	9905	10833	10336	2785.47
6.58	9936	10857	10364	2782.72
6.59	9965	10882	10392	2779.85
6.6	9995	10906	10420	2776.87
6.61	10024	10929	10447	2773.78
6.62	10054	10952	10475	2770.57
6.63	10084	10975	10503	2767.25
6.64	10115	10999	10531	2763.81
6.65	10144	11023	10558	2760.26
6.66	10174	11048	10586	2756.59
6.67	10204	11072	10613	2752.81
6.68	10234	11096	10641	2748.91
6.69	10264	11120	10668	2744.9
6.7	10294	11144	10696	2740.77
6.71	10324	11167	10723	2736.53
6.72	10354	11191	10751	2732.18
6.73	10383	11215	10778	2727.71
6.74	10414	11237	10805	2723.12
6.75	10445	11260	10832	2718.42
6.76	10476	11283	10860	2713.61
6.77	10508	11306	10887	2708.68
6.78	10536	11329	10914	2703.64
6.79	10565	11352	10941	2698.48
6.8	10595	11375	10968	2693.21
6.81	10626	11399	10995	2687.82
6.82	10657	11422	11022	2682.32
6.83	10688	11445	11048	2676.7
6.84	10717	11468	11075	2670.97
6.85	10750	11491	11102	2665.12
6.86	10780	11514	11129	2659.16
6.87	10810	11537	11155	2653.09
6.88	10840	11560	11182	2646.9
6.89	10869	11583	11208	2640.59
6.9	10898	11606	11235	2634.17
6.91	10928	11628	11261	2627.64
6.92	10955	11650	11287	2620.99
6.93	10983	11672	11313	2614.22
6.94	11013	11694	11340	2607.34
6.95	11042	11716	11366	2600.35
6.96	11070	11738	11392	2593.24
6.97	11098	11760	11418	2586.02
6.98	11128	11782	11443	2578.68
6.99	11157	11804	11469	2571.23
7	11186	11826	11495	2563.67
7.01	11217	11848	11521	2555.98
7.02	11244	11870	11546	2548.19
7.03	11273	11892	11572	2540.28
7.04	11302	11914	11597	2532.25
7.05	11332	11934	11622	2524.11
7.06	11361	11955	11648	2515.86
7.07	11389	11977	11673	2507.49
7.08	11417	11999	11698	2499
7.09	11447	12020	11723	2490.41
7.1	11474	12041	11748	2481.69
7.11	11502	12062	11773	2472.86
7.12	11531	12084	11797	2463.92
7.13	11558	12105	11822	2454.86
7.14	11585	12126	11846	2445.69
7.15	11613	12147	11871	2436.41
7.16	11640	12168	11895	2427
7.17	11669	12189	11920	2417.49
7.18	11697	12210	11944	2407.86
7.19	11725	12231	11968	2398.11
7.2	11753	12252	11992	2388.25
7.21	11780	12273	12016	2378.28
7.22	11808	12293	12039	2368.19
7.23	11834	12314	12063	2357.98
7.24	11862	12334	12087	2347.66
7.25	11890	12354	12110	2337.23
7.26	11917	12375	12134	2326.68
7.27	11943	12395	12157	2316.02
7.28	11970	12414	12180	2305.24
7.29	11996	12434	12203	2294.35
7.3	12022	12453	12226	2283.34
7.31	12048	12474	12249	2272.22
7.32	12073	12493	12272	NA
