depth	min68.2%	max68.2%	best	accrate
3.58	5000	5791	5395	1634.26
3.59	5022	5800	5411	1628.68
3.6	5046	5809	5427	1623.11
3.61	5067	5818	5444	1617.53
3.62	5088	5827	5460	1611.96
3.63	5110	5836	5476	1606.39
3.64	5132	5847	5492	1600.82
3.65	5152	5857	5508	1595.25
3.66	5175	5868	5524	1589.69
3.67	5196	5877	5540	1584.12
3.68	5216	5889	5556	1578.56
3.69	5235	5899	5571	1573
3.7	5255	5911	5587	1567.45
3.71	5277	5923	5603	1561.89
3.72	5299	5935	5618	1556.34
3.73	5317	5949	5634	1550.79
3.74	5337	5960	5650	1545.24
3.75	5355	5971	5665	1539.69
3.76	5373	5982	5680	1534.15
3.77	5393	5995	5696	1528.61
3.78	5411	6009	5711	1523.06
3.79	5428	6021	5726	1517.53
3.8	5447	6033	5741	1511.99
3.81	5467	6047	5757	1506.45
3.82	5484	6060	5772	1500.92
3.83	5501	6072	5787	1495.39
3.84	5519	6086	5802	1489.86
3.85	5535	6100	5816	1484.34
3.86	5549	6115	5831	1478.81
3.87	5566	6128	5846	1473.29
3.88	5582	6142	5861	1467.77
3.89	5597	6156	5876	1462.25
3.9	5610	6171	5890	1456.74
3.91	5624	6186	5905	1451.22
3.92	5640	6199	5919	1445.71
3.93	5655	6214	5934	1440.2
3.94	5669	6229	5948	1434.69
3.95	5683	6244	5962	1429.19
3.96	5696	6259	5977	1423.68
3.97	5710	6274	5991	1418.18
3.98	5722	6290	6005	1412.68
3.99	5736	6305	6019	1407.18
4	5748	6321	6033	1401.69
4.01	5759	6335	6047	1396.19
4.02	5770	6351	6061	1390.7
4.03	5782	6367	6075	1385.21
4.04	5793	6383	6089	1379.72
4.05	5805	6399	6103	1374.24
4.06	5817	6414	6117	1368.75
4.07	5828	6431	6130	1363.27
4.08	5838	6447	6144	1357.79
4.09	5849	6464	6158	1352.31
4.1	5862	6480	6171	1346.84
4.11	5873	6497	6184	1341.37
4.12	5884	6514	6198	1335.89
4.13	5895	6530	6211	1330.42
4.14	5905	6546	6225	1324.96
4.15	5915	6563	6238	1319.49
4.16	5926	6579	6251	1314.03
4.17	5936	6596	6264	1308.57
4.18	5946	6613	6277	1303.11
4.19	5956	6628	6290	1297.65
4.2	5965	6645	6303	1292.2
4.21	5973	6662	6316	1286.74
4.22	5982	6678	6329	1281.29
4.23	5991	6695	6342	1275.84
4.24	6000	6712	6355	1270.4
4.25	6009	6727	6367	1264.95
4.26	6018	6742	6380	1259.51
4.27	6027	6759	6393	1254.07
4.28	6036	6775	6405	1248.63
4.29	6045	6792	6418	1243.19
4.3	6054	6808	6430	1237.76
4.31	6063	6825	6442	1232.32
4.32	6071	6841	6455	1226.89
4.33	6080	6858	6467	1221.46
4.34	6088	6874	6479	1216.04
4.35	6096	6889	6491	1105.37
4.36	6104	6904	6502	891.01
4.37	6108	6916	6511	678.98
4.38	6112	6926	6518	469.29
4.39	6113	6934	6523	261.94
4.4	6111	6940	6525	56.93
4.41	6108	6944	6526	-145.76
4.42	6104	6947	6525	-346.1
4.43	6095	6947	6521	-544.11
4.44	6086	6945	6516	-739.79
4.45	6076	6941	6508	-933.12
4.46	6062	6935	6499	-1124.13
4.47	6048	6927	6488	-1312.8
4.48	6032	6918	6475	-1499.13
4.49	6013	6906	6460	-1683.12
4.5	5992	6893	6443	-1864.78
4.51	5970	6877	6424	-2044.11
4.52	5947	6859	6404	-2221.1
4.53	5921	6840	6381	-2395.75
4.54	5894	6819	6357	-2568.07
4.55	5866	6796	6332	-2738.05
4.56	5836	6772	6304	-2905.7
4.57	5804	6746	6275	-3071.01
4.58	5771	6718	6245	-3233.99
4.59	5737	6689	6212	-3394.63
4.6	5700	6657	6178	-3552.93
4.61	5662	6625	6143	-3708.9
4.62	5622	6592	6106	-3862.53
4.63	5579	6554	6067	-4013.83
4.64	5538	6517	6027	-4162.79
4.65	5495	6477	5985	-4309.42
4.66	5450	6437	5942	-4453.71
4.67	5402	6395	5898	-4595.66
4.68	5353	6352	5852	-4735.28
4.69	5306	6307	5804	-4872.57
4.7	5255	6260	5756	-5007.52
4.71	5202	6213	5706	-5140.13
4.72	5149	6165	5654	-5270.4
4.73	5094	6115	5601	-5398.35
4.74	5037	6061	5548	-5523.95
4.75	4979	6008	5492	-5647.22
4.76	4921	5955	5436	-5768.16
4.77	4860	5899	5378	-5886.75
4.78	4798	5844	5319	-6003.02
4.79	4733	5787	5259	-6116.95
4.8	4669	5731	5198	-6228.54
4.81	4602	5672	5136	-6337.79
4.82	4536	5612	5072	-6444.71
4.83	4465	5551	5008	-6549.3
4.84	4397	5488	4942	-6651.55
4.85	4326	5427	4876	-6751.46
4.86	4256	5361	4808	-6849.04
4.87	4185	5296	4740	-6944.28
4.88	4113	5231	4670	-7037.19
4.89	4039	5164	4600	-7127.76
4.9	3964	5098	4529	-7216
4.91	3889	5029	4457	-7301.9
4.92	3811	4959	4384	-7385.46
4.93	3733	4888	4310	-7466.69
4.94	3655	4817	4235	-7545.58
4.95	3577	4748	4160	-7622.14
4.96	3497	4676	4083	-7696.36
4.97	3416	4605	4006	-7768.25
4.98	3334	4532	3929	-7837.8
4.99	3249	4459	3850	-7905.01
5	3166	4384	3771	-7969.89
5.01	3083	4309	3692	-8032.44
5.02	2998	4233	3611	-8092.65
5.03	2911	4160	3530	-8150.52
5.04	2828	4084	3449	-8206.05
5.05	2739	4005	3367	-8259.26
5.06	2651	3927	3284	-8310.12
5.07	2562	3847	3201	-8358.65
5.08	2472	3769	3118	-8404.85
5.09	2383	3690	3034	-8448.7
5.1	2293	3610	2949	-8490.23
5.11	2201	3532	2864	-8529.42
5.12	2112	3451	2779	-8566.27
5.13	2017	3371	2693	-8600.78
5.14	1924	3289	2607	-8632.96
5.15	1831	3207	2521	-8662.81
5.16	1741	3128	2434	-8690.32
5.17	1649	3047	2347	-8715.49
5.18	1557	2965	2260	-8738.33
5.19	1466	2884	2173	-8758.83
5.2	1373	2801	2085	-8777
5.21	1280	2718	1997	-8792.83
5.22	1184	2638	1909	-8806.33
5.23	1091	2555	1821	-8817.49
5.24	996	2474	1733	-8826.31
5.25	901	2391	1645	-8832.8
5.26	807	2312	1557	-8836.95
5.27	713	2229	1468	-8838.77
5.28	617	2147	1380	-8838.25
5.29	523	2065	1292	-8835.4
5.3	426	1983	1203	-8830.21
5.31	332	1902	1115	-8822.68
5.32	235	1823	1027	-8812.82
5.33	140	1742	939	-8800.63
5.34	43	1660	851	-8786.1
5.35	-52	1578	763	-8769.23
5.36	-146	1498	675	-8750.02
5.37	-242	1417	587	-8728.49
5.38	-336	1338	500	-8704.61
5.39	-432	1261	413	-8678.4
5.4	-525	1183	326	-8649.86
5.41	-621	1102	240	-8618.97
5.42	-714	1021	154	-8585.76
5.43	-810	943	68	-8550.21
5.44	-905	865	-18	-8512.32
5.45	-997	787	-103	-8472.09
5.46	-1090	710	-188	-8429.53
5.47	-1181	633	-272	-8384.64
5.48	-1273	556	-356	-8337.41
5.49	-1362	481	-439	-8287.84
5.5	-1451	404	-522	-8235.94
5.51	-1542	331	-604	-8181.7
5.52	-1632	257	-686	-8125.13
5.53	-1719	184	-767	-8066.22
5.54	-1805	110	-848	-8004.98
5.55	-1891	37	-928	-7941.4
5.56	-1979	-31	-1008	-7875.48
5.57	-2066	-103	-1086	-7807.23
5.58	-2151	-173	-1164	-7736.64
5.59	-2233	-242	-1242	-7663.72
5.6	-2317	-315	-1318	-7588.46
5.61	-2401	-384	-1394	-7510.87
5.62	-2483	-453	-1469	-7430.94
5.63	-2567	-519	-1544	-7348.67
5.64	-2650	-587	-1617	-7264.07
5.65	-2730	-655	-1690	-7177.14
5.66	-2809	-718	-1762	-7087.87
5.67	-2888	-783	-1832	-6996.26
5.68	-2966	-844	-1902	-6902.32
5.69	-3044	-903	-1971	-6806.04
5.7	-3120	-965	-2039	-6707.42
5.71	-3196	-1023	-2107	-6606.47
5.72	-3270	-1083	-2173	-6503.19
5.73	-3342	-1142	-2238	-6397.57
5.74	-3414	-1197	-2302	-6289.61
5.75	-3484	-1250	-2365	-6179.32
5.76	-3554	-1306	-2426	-6066.69
5.77	-3621	-1359	-2487	-5951.72
5.78	-3687	-1411	-2546	-5834.42
5.79	-3751	-1462	-2605	-5714.79
5.8	-3816	-1512	-2662	-5592.82
5.81	-3879	-1562	-2718	-5468.51
5.82	-3941	-1609	-2773	-5341.87
5.83	-4002	-1656	-2826	-5212.89
5.84	-4062	-1704	-2878	-5081.58
5.85	-4118	-1749	-2929	-4947.93
5.86	-4173	-1793	-2978	-4811.95
5.87	-4229	-1835	-3027	-4673.63
5.88	-4283	-1876	-3073	-4532.97
5.89	-4333	-1915	-3119	-4389.98
5.9	-4383	-1952	-3163	-4244.65
5.91	-4432	-1989	-3205	-4096.99
5.92	-4476	-2025	-3246	-3946.99
5.93	-4521	-2060	-3285	-3794.66
5.94	-4563	-2093	-3323	-3639.99
5.95	-4604	-2124	-3360	-3482.98
5.96	-4644	-2153	-3395	-3323.64
5.97	-4684	-2182	-3428	-3161.97
5.98	-4721	-2207	-3459	-2997.96
5.99	-4753	-2233	-3489	-2831.61
6	-4786	-2256	-3518	-2662.93
6.01	-4817	-2275	-3544	-2491.91
6.02	-4847	-2294	-3569	-2318.55
6.03	-4875	-2313	-3592	-2142.86
6.04	-4901	-2330	-3614	-1964.84
6.05	-4924	-2346	-3634	-1784.48
6.06	-4946	-2361	-3651	-1601.78
6.07	-4968	-2375	-3667	-1416.75
6.08	-4986	-2384	-3682	-1229.38
6.09	-5002	-2395	-3694	-1039.67
6.1	-5014	-2404	-3704	-847.64
6.11	-5027	-2410	-3713	-653.26
6.12	-5035	-2415	-3719	-456.55
6.13	-5043	-2418	-3724	-257.5
6.14	-5048	-2420	-3726	-56.12
6.15	-5051	-2419	-3727	147.6
6.16	-5052	-2415	-3725	353.65
6.17	-5050	-2409	-3722	562.04
6.18	-5046	-2402	-3716	772.76
6.19	-5041	-2392	-3709	985.82
6.2	-5031	-2381	-3699	1201.22
6.21	-5021	-2369	-3687	1418.95
6.22	-5008	-2352	-3673	1639.02
6.23	-4993	-2335	-3656	1861.42
6.24	-4975	-2315	-3638	2086.16
6.25	-4953	-2296	-3617	2313.23
6.26	-4931	-2273	-3594	2542.64
6.27	-4904	-2249	-3568	2774.38
6.28	-4876	-2223	-3540	3008.47
6.29	-4845	-2193	-3510	3244.88
6.3	-4812	-2163	-3478	3483.63
6.31	-4775	-2131	-3443	3724.72
6.32	-4736	-2094	-3406	3968.14
6.33	-4693	-2058	-3366	4213.9
6.34	-4650	-2017	-3324	4462
6.35	-4603	-1974	-3279	4712.43
6.36	-4554	-1930	-3232	4965.19
6.37	-4502	-1884	-3183	5220.29
6.38	-4447	-1835	-3130	5477.73
6.39	-4390	-1784	-3076	5737.5
6.4	-4330	-1730	-3018	5999.61
6.41	-4267	-1674	-2958	6264.06
6.42	-4201	-1615	-2896	6530.83
6.43	-4131	-1554	-2830	6799.95
6.44	-4057	-1490	-2762	7071.4
6.45	-3982	-1424	-2692	7345.19
6.46	-3904	-1356	-2618	7621.31
6.47	-3822	-1287	-2542	7899.77
6.48	-3737	-1215	-2463	8180.56
6.49	-3648	-1137	-2381	8463.69
6.5	-3557	-1060	-2296	8749.15
6.51	-3462	-978	-2209	9036.95
6.52	-3365	-893	-2119	9327.09
6.53	-3266	-806	-2025	9619.56
6.54	-3162	-718	-1929	9914.37
6.55	-3054	-627	-1830	10211.51
6.56	-2945	-531	-1728	10510.99
6.57	-2830	-433	-1623	10812.8
6.58	-2713	-332	-1515	11116.95
6.59	-2594	-229	-1403	11423.43
6.6	-2472	-123	-1289	11732.25
6.61	-2346	-16	-1172	12043.41
6.62	-2217	95	-1051	12356.9
6.63	-2085	209	-928	12672.73
6.64	-1947	328	-801	12990.89
6.65	-1806	447	-671	13311.39
6.66	-1663	571	-538	13634.23
6.67	-1516	696	-402	13959.4
6.68	-1366	824	-262	14286.9
6.69	-1212	956	-119	14616.74
6.7	-1053	1091	27	14948.92
6.71	-891	1229	176	15283.43
6.72	-725	1370	329	15620.28
6.73	-556	1513	485	15959.46
6.74	-383	1660	645	16300.98
6.75	-207	1811	808	16644.84
6.76	-28	1963	974	16991.03
6.77	157	2118	1144	17339.56
6.78	344	2276	1318	17690.42
6.79	535	2438	1495	18043.61
6.8	731	2604	1675	18399.15
6.81	931	2773	1859	18757.02
6.82	1135	2944	2047	19117.22
6.83	1342	3119	2238	19479.76
6.84	1553	3297	2433	19844.64
6.85	1769	3479	2631	20211.85
6.86	1988	3664	2833	20581.39
6.87	2212	3852	3039	20953.28
6.88	2439	4043	3249	21327.5
6.89	2670	4239	3462	21704.05
6.9	2906	4439	3679	22082.94
6.91	3146	4642	3900	22464.16
6.92	3389	4847	4124	22847.72
6.93	3637	5056	4353	23233.62
6.94	3890	5269	4585	23621.85
6.95	4147	5485	4821	24012.42
6.96	4408	5704	5061	24405.32
6.97	4673	5926	5306	24800.56
6.98	4944	6153	5554	25198.14
6.99	5218	6384	5805	25598.05
7	5497	6619	6061	26000.29
7.01	5779	6856	6321	26404.87
7.02	6067	7097	6586	26811.79
7.03	6358	7343	6854	27221.04
7.04	6653	7592	7126	27632.63
7.05	6954	7844	7402	27570.01
7.06	7254	8096	7678	27031.62
7.07	7548	8344	7948	26493.22
7.08	7835	8587	8213	25954.83
7.09	8119	8823	8473	25416.43
7.1	8395	9056	8727	24878.03
7.11	8665	9284	8976	24339.63
7.12	8930	9506	9219	23801.23
7.13	9187	9724	9457	23262.83
7.14	9440	9937	9690	22724.43
7.15	9687	10145	9917	22186.02
7.16	9928	10349	10139	21647.62
7.17	10162	10547	10355	21109.21
7.18	10391	10741	10566	20570.8
7.19	10614	10930	10772	20032.39
7.2	10830	11114	10972	19493.98
7.21	11039	11295	11167	18955.56
7.22	11242	11470	11357	18417.15
7.23	11439	11643	11541	17878.73
7.24	11630	11810	11720	17340.31
7.25	11813	11974	11893	16801.9
7.26	11989	12133	12061	16263.5
7.27	12158	12290	12224	15725.09
7.28	12319	12443	12381	15186.69
7.29	12473	12592	12533	14648.28
7.3	12621	12739	12679	14109.88
7.31	12761	12881	12821	13571.47
7.32	12893	13020	12956	NA
