depth	min68.2%	max68.2%	best	accrate
3.58	5005	5805	5406	-401352.75
3.59	847	1942	1392	-395630.83
3.6	-3424	-1694	-2564	-389949.3
3.61	-7656	-5232	-6464	-384308.06
3.62	-11875	-8722	-10307	-378706.96
3.63	-16029	-12143	-14094	-373145.89
3.64	-20121	-15517	-17825	-367624.71
3.65	-24153	-18851	-21502	-362143.31
3.66	-28116	-22116	-25123	-356701.55
3.67	-32026	-25345	-28690	-351299.31
3.68	-35872	-28513	-32203	-345936.47
3.69	-39658	-31639	-35662	-340612.89
3.7	-43393	-34713	-39069	-335328.46
3.71	-47067	-37739	-42422	-330083.04
3.72	-50681	-40725	-45723	-324876.5
3.73	-54241	-43658	-48971	-319708.73
3.74	-57748	-46545	-52169	-314579.6
3.75	-61191	-49390	-55314	-309488.97
3.76	-64585	-52182	-58409	-304436.74
3.77	-67916	-54922	-61454	-299422.75
3.78	-71193	-57626	-64448	-294446.9
3.79	-74423	-60280	-67392	-289509.06
3.8	-77604	-62888	-70287	-284609.1
3.81	-80727	-65460	-73133	-279746.89
3.82	-83795	-67984	-75931	-274922.3
3.83	-86805	-70465	-78680	-270135.22
3.84	-89774	-72903	-81382	-265385.51
3.85	-92686	-75294	-84035	-260673.05
3.86	-95540	-77651	-86642	-255997.72
3.87	-98361	-79958	-89202	-251359.38
3.88	-101124	-82236	-91716	-246757.91
3.89	-103829	-84461	-94183	-242193.18
3.9	-106494	-86642	-96605	-237665.08
3.91	-109110	-88781	-98982	-233173.46
3.92	-111666	-90880	-101314	-228718.21
3.93	-114172	-92945	-103601	-224299.2
3.94	-116632	-94966	-105844	-219916.31
3.95	-119042	-96953	-108043	-215569.4
3.96	-121402	-98901	-110199	-211258.35
3.97	-123715	-100809	-112311	-206983.04
3.98	-125982	-102673	-114381	-202743.34
3.99	-128208	-104502	-116408	-198539.12
4	-130386	-106296	-118394	-194370.25
4.01	-132514	-108044	-120338	-190236.62
4.02	-134599	-109763	-122240	-186138.09
4.03	-136641	-111439	-124101	-182074.54
4.04	-138646	-113080	-125922	-178045.84
4.05	-140603	-114681	-127703	-174051.87
4.06	-142518	-116248	-129443	-170092.5
4.07	-144388	-117775	-131144	-166167.6
4.08	-146212	-119270	-132806	-162277.05
4.09	-147997	-120735	-134428	-158420.72
4.1	-149731	-122164	-136013	-154598.48
4.11	-151427	-123557	-137559	-150810.22
4.12	-153083	-124914	-139067	-147055.79
4.13	-154700	-126236	-140537	-143335.09
4.14	-156271	-127533	-141971	-139647.97
4.15	-157798	-128797	-143367	-135994.32
4.16	-159284	-130025	-144727	-132374.01
4.17	-160736	-131219	-146051	-128786.91
4.18	-162147	-132388	-147339	-125232.89
4.19	-163520	-133519	-148591	-121711.84
4.2	-164855	-134619	-149808	-118223.62
4.21	-166151	-135682	-150990	-114768.1
4.22	-167413	-136718	-152138	-111345.17
4.23	-168637	-137722	-153251	-107954.7
4.24	-169822	-138694	-154331	-104596.55
4.25	-170970	-139633	-155377	-101270.6
4.26	-172082	-140543	-156390	-97976.74
4.27	-173160	-141423	-157369	-94714.82
4.28	-174197	-142274	-158317	-91484.73
4.29	-175203	-143100	-159231	-88286.34
4.3	-176173	-143892	-160114	-85119.51
4.31	-177108	-144660	-160966	-81984.14
4.32	-178008	-145405	-161785	-78880.08
4.33	-178868	-146119	-162574	-75807.22
4.34	-179696	-146801	-163332	-72765.43
4.35	-180490	-147455	-164060	-69754.58
4.36	-181253	-148083	-164757	-66774.54
4.37	-181987	-148680	-165425	-63825.2
4.38	-182688	-149257	-166063	-60906.41
4.39	-183357	-149808	-166672	-58018.07
4.4	-183994	-150332	-167253	-55160.03
4.41	-184599	-150828	-167804	-52332.18
4.42	-185173	-151297	-168328	-49534.39
4.43	-185715	-151744	-168823	-46766.53
4.44	-186228	-152169	-169291	-44028.47
4.45	-186714	-152566	-169731	-41320.1
4.46	-187170	-152934	-170144	-38641.28
4.47	-187599	-153282	-170530	-35991.89
4.48	-188002	-153610	-170890	-33371.8
4.49	-188374	-153912	-171224	-30780.88
4.5	-188715	-154191	-171532	-28219.02
4.51	-189026	-154447	-171814	-25686.08
4.52	-189310	-154678	-172071	-23181.93
4.53	-189566	-154885	-172303	-20706.46
4.54	-189795	-155069	-172510	-18259.53
4.55	-189997	-155231	-172692	-15841.02
4.56	-190172	-155370	-172851	-13450.8
4.57	-190320	-155489	-172985	-11088.75
4.58	-190442	-155587	-173096	-8754.74
4.59	-190537	-155663	-173184	-6448.64
4.6	-190606	-155719	-173248	-4170.34
4.61	-190652	-155756	-173290	-1919.69
4.62	-190670	-155773	-173309	303.42
4.63	-190665	-155768	-173306	2499.12
4.64	-190639	-155745	-173281	4667.54
4.65	-190589	-155703	-173235	6808.8
4.66	-190515	-155641	-173166	8923.03
4.67	-190418	-155561	-173077	11010.36
4.68	-190297	-155461	-172967	13070.9
4.69	-190154	-155344	-172836	15104.8
4.7	-189989	-155205	-172685	17112.16
4.71	-189805	-155053	-172514	19093.13
4.72	-189598	-154881	-172323	21047.82
4.73	-189369	-154691	-172113	22976.36
4.74	-189118	-154482	-171883	24878.89
4.75	-188844	-154255	-171634	26755.51
4.76	-188551	-154012	-171367	28606.37
4.77	-188238	-153753	-171081	30431.58
4.78	-187905	-153478	-170776	32231.28
4.79	-187554	-153185	-170454	34005.58
4.8	-187181	-152876	-170114	35754.62
4.81	-186789	-152552	-169756	37478.52
4.82	-186377	-152215	-169382	39177.41
4.83	-185948	-151863	-168990	40851.41
4.84	-185502	-151492	-168581	42500.65
4.85	-185038	-151105	-168156	44125.26
4.86	-184556	-150704	-167715	45725.35
4.87	-184056	-150292	-167258	47301.07
4.88	-183539	-149863	-166785	48852.53
4.89	-183005	-149420	-166296	50379.86
4.9	-182454	-148962	-165792	51883.18
4.91	-181886	-148491	-165274	53362.63
4.92	-181301	-148006	-164740	54818.33
4.93	-180699	-147508	-164192	56250.4
4.94	-180083	-146997	-163629	57658.98
4.95	-179450	-146474	-163053	59044.18
4.96	-178803	-145938	-162462	60406.13
4.97	-178140	-145389	-161858	61744.96
4.98	-177462	-144830	-161241	63060.8
4.99	-176770	-144258	-160610	64353.77
5	-176064	-143675	-159967	65624
5.01	-175344	-143080	-159310	66871.61
5.02	-174610	-142474	-158642	68096.73
5.03	-173863	-141857	-157961	69299.49
5.04	-173104	-141230	-157268	70480.01
5.05	-172334	-140592	-156563	71638.42
5.06	-171550	-139943	-155847	72774.84
5.07	-170755	-139285	-155119	73889.41
5.08	-169947	-138618	-154380	74982.24
5.09	-169127	-137939	-153630	76053.46
5.1	-168295	-137252	-152870	77103.21
5.11	-167451	-136557	-152099	78131.6
5.12	-166596	-135849	-151317	79138.76
5.13	-165730	-135133	-150526	80124.81
5.14	-164853	-134407	-149725	81089.9
5.15	-163965	-133674	-148914	82034.13
5.16	-163066	-132933	-148093	82957.64
5.17	-162156	-132183	-147264	83860.55
5.18	-161237	-131425	-146425	84742.99
5.19	-160307	-130659	-145578	85605.08
5.2	-159367	-129886	-144722	86446.95
5.21	-158417	-129106	-143857	87268.73
5.22	-157461	-128318	-142984	88070.55
5.23	-156497	-127520	-142104	88852.52
5.24	-155525	-126715	-141215	89614.78
5.25	-154544	-125905	-140319	90357.45
5.26	-153557	-125088	-139416	91080.66
5.27	-152562	-124263	-138505	91784.53
5.28	-151556	-123433	-137587	92469.19
5.29	-150543	-122595	-136662	93134.76
5.3	-149523	-121752	-135731	93781.38
5.31	-148495	-120905	-134793	94409.17
5.32	-147461	-120051	-133849	95018.25
5.33	-146421	-119195	-132899	95608.75
5.34	-145377	-118331	-131943	96180.8
5.35	-144326	-117462	-130981	96734.53
5.36	-143269	-116587	-130014	97270.05
5.37	-142207	-115709	-129041	97787.49
5.38	-141138	-114825	-128063	98286.99
5.39	-140065	-113935	-127080	98768.66
5.4	-138985	-113041	-126092	99232.64
5.41	-137901	-112141	-125100	99679.05
5.42	-136812	-111235	-124103	100108.01
5.43	-135717	-110326	-123102	100519.66
5.44	-134617	-109418	-122097	100914.11
5.45	-133512	-108507	-121088	101291.5
5.46	-132402	-107590	-120075	101651.95
5.47	-131291	-106673	-119058	101995.59
5.48	-130175	-105753	-118038	102322.53
5.49	-129056	-104826	-117015	102632.92
5.5	-127934	-103898	-115989	102926.87
5.51	-126809	-102967	-114960	103204.52
5.52	-125682	-102033	-113928	103465.98
5.53	-124551	-101097	-112893	103711.38
5.54	-123417	-100159	-111856	103940.85
5.55	-122278	-99217	-110816	104154.52
5.56	-121140	-98274	-109775	104352.51
5.57	-120001	-97328	-108731	104534.95
5.58	-118857	-96379	-107686	104701.97
5.59	-117710	-95429	-106639	104853.68
5.6	-116560	-94478	-105590	104990.22
5.61	-115411	-93528	-104541	105111.71
5.62	-114263	-92579	-103489	105218.29
5.63	-113113	-91624	-102437	105310.06
5.64	-111962	-90669	-101384	105387.17
5.65	-110809	-89713	-100330	105449.73
5.66	-109656	-88756	-99276	105497.88
5.67	-108500	-87800	-98221	105531.74
5.68	-107344	-86844	-97165	105551.43
5.69	-106188	-85889	-96110	105557.09
5.7	-105032	-84937	-95054	105548.83
5.71	-103877	-83984	-93999	105526.79
5.72	-102722	-83029	-92944	105491.09
5.73	-101567	-82072	-91889	105441.85
5.74	-100412	-81117	-90834	105379.2
5.75	-99258	-80161	-89781	105303.28
5.76	-98104	-79206	-88727	105214.2
5.77	-96951	-78252	-87675	105112.09
5.78	-95802	-77302	-86624	104997.08
5.79	-94651	-76350	-85574	104869.29
5.8	-93502	-75401	-84526	104728.85
5.81	-92355	-74455	-83478	104575.88
5.82	-91209	-73510	-82432	104410.52
5.83	-90067	-72567	-81388	104232.89
5.84	-88928	-71620	-80346	104043.1
5.85	-87790	-70674	-79306	103841.3
5.86	-86658	-69736	-78267	103627.61
5.87	-85527	-68800	-77231	103402.15
5.88	-84397	-67863	-76197	103165.04
5.89	-83269	-66929	-75165	102916.42
5.9	-82144	-65996	-74136	102656.42
5.91	-81021	-65065	-73110	102385.14
5.92	-79901	-64137	-72086	102102.74
5.93	-78784	-63212	-71065	101809.32
5.94	-77673	-62290	-70047	101505.01
5.95	-76566	-61370	-69032	101189.95
5.96	-75462	-60452	-68020	100864.26
5.97	-74359	-59540	-67011	100528.06
5.98	-73259	-58629	-66006	100181.48
5.99	-72160	-57723	-65004	99824.64
6	-71064	-56822	-64006	99457.68
6.01	-69976	-55921	-63011	99080.71
6.02	-68893	-55025	-62020	98693.88
6.03	-67813	-54130	-61033	98297.29
6.04	-66737	-53243	-60050	97891.07
6.05	-65664	-52357	-59071	97475.37
6.06	-64599	-51478	-58097	97050.29
6.07	-63536	-50601	-57126	96615.96
6.08	-62478	-49727	-56160	96172.52
6.09	-61428	-48859	-55198	95720.08
6.1	-60381	-47995	-54241	95258.78
6.11	-59336	-47134	-53288	94788.74
6.12	-58297	-46274	-52341	94310.08
6.13	-57266	-45424	-51398	93822.94
6.14	-56240	-44578	-50459	93327.43
6.15	-55221	-43732	-49526	92823.69
6.16	-54208	-42891	-48598	92311.84
6.17	-53200	-42057	-47675	91792.01
6.18	-52193	-41225	-46757	91264.32
6.19	-51194	-40398	-45844	90728.9
6.2	-50201	-39577	-44937	90185.87
6.21	-49217	-38760	-44035	89635.36
6.22	-48236	-37949	-43139	89077.51
6.23	-47260	-37141	-42248	88512.42
6.24	-46292	-36344	-41363	87940.24
6.25	-45332	-35550	-40483	87361.08
6.26	-44377	-34761	-39610	86775.07
6.27	-43427	-33974	-38742	86182.34
6.28	-42485	-33193	-37880	85583.02
6.29	-41550	-32417	-37024	84977.23
6.3	-40624	-31648	-36174	84365.09
6.31	-39703	-30886	-35331	83746.73
6.32	-38788	-30131	-34493	83122.29
6.33	-37880	-29379	-33662	82491.88
6.34	-36979	-28631	-32837	81855.63
6.35	-36085	-27887	-32019	81213.67
6.36	-35197	-27154	-31207	80566.12
6.37	-34316	-26423	-30401	79913.11
6.38	-33444	-25702	-29602	79254.76
6.39	-32578	-24984	-28809	78591.21
6.4	-31722	-24272	-28023	77922.58
6.41	-30868	-23567	-27244	77248.99
6.42	-30021	-22867	-26472	76570.57
6.43	-29184	-22174	-25706	75887.45
6.44	-28352	-21487	-24947	75199.75
6.45	-27529	-20806	-24195	74507.6
6.46	-26712	-20133	-23450	73811.12
6.47	-25905	-19463	-22712	73110.45
6.48	-25105	-18799	-21981	72405.7
6.49	-24313	-18142	-21257	71697
6.5	-23528	-17492	-20540	70984.49
6.51	-22751	-16849	-19830	70268.28
6.52	-21983	-16211	-19127	69548.5
6.53	-21225	-15580	-18432	68825.28
6.54	-20472	-14955	-17743	68098.75
6.55	-19727	-14337	-17062	67369.02
6.56	-18991	-13727	-16389	66636.23
6.57	-18263	-13126	-15722	65900.51
6.58	-17543	-12529	-15063	65161.97
6.59	-16832	-11938	-14412	64420.75
6.6	-16128	-11353	-13768	63676.96
6.61	-15433	-10774	-13131	62930.75
6.62	-14745	-10205	-12501	62182.23
6.63	-14066	-9641	-11880	61431.52
6.64	-13395	-9085	-11265	60678.77
6.65	-12731	-8536	-10659	59924.08
6.66	-12078	-7993	-10059	59167.59
6.67	-11433	-7457	-9468	58409.43
6.68	-10795	-6926	-8884	57649.72
6.69	-10166	-6403	-8307	56888.58
6.7	-9545	-5885	-7738	56126.14
6.71	-8932	-5377	-7177	55362.54
6.72	-8329	-4875	-6623	54597.89
6.73	-7734	-4380	-6077	53832.32
6.74	-7148	-3893	-5539	53065.95
6.75	-6569	-3411	-5008	52298.92
6.76	-5996	-2936	-4485	51531.35
6.77	-5433	-2465	-3970	50763.36
6.78	-4877	-2005	-3462	49995.09
6.79	-4333	-1551	-2962	49226.65
6.8	-3797	-1106	-2470	48458.18
6.81	-3269	-663	-1986	47689.79
6.82	-2749	-231	-1509	46921.63
6.83	-2237	194	-1039	46153.8
6.84	-1736	614	-578	45386.45
6.85	-1241	1026	-124	44619.68
6.86	-752	1431	322	43853.64
6.87	-273	1829	761	43088.45
6.88	195	2221	1192	42324.23
6.89	657	2605	1615	41561.11
6.9	1109	2983	2030	40799.21
6.91	1553	3352	2438	40038.66
6.92	1989	3715	2839	39279.59
6.93	2418	4070	3232	38522.13
6.94	2839	4418	3617	37766.4
6.95	3250	4762	3994	37012.52
6.96	3654	5100	4365	36260.62
6.97	4047	5429	4727	35510.83
6.98	4432	5753	5082	34763.28
6.99	4811	6068	5430	34018.09
7	5181	6377	5770	33275.38
7.01	5544	6679	6103	32535.29
7.02	5898	6973	6428	31797.93
7.03	6244	7262	6746	31063.44
7.04	6581	7543	7057	30331.95
7.05	6912	7820	7360	29603.56
7.06	7233	8090	7656	28878.43
7.07	7545	8353	7945	28156.66
7.08	7852	8609	8227	27438.39
7.09	8150	8859	8501	26723.74
7.1	8440	9102	8768	26012.84
7.11	8723	9340	9028	25305.81
7.12	8998	9571	9281	24602.79
7.13	9266	9794	9527	23903.89
7.14	9524	10011	9766	23209.24
7.15	9776	10223	9999	22518.97
7.16	10020	10429	10224	21833.21
7.17	10255	10629	10442	21152.07
7.18	10484	10823	10654	20475.7
7.19	10706	11011	10858	19804.21
7.2	10920	11193	11056	19137.73
7.21	11125	11370	11248	18476.38
7.22	11323	11541	11433	17820.3
7.23	11512	11708	11611	17169.6
7.24	11694	11869	11782	16524.42
7.25	11869	12026	11948	15884.88
7.26	12036	12178	12107	15251.1
7.27	12194	12325	12259	14623.22
7.28	12343	12468	12405	14001.36
7.29	12485	12604	12545	13385.64
7.3	12619	12738	12679	12776.19
7.31	12746	12868	12807	12173.14
7.32	12865	12992	12929	NA
