depth	min68.2%	max68.2%	best	accrate
3.58	5005	5808	5407	1651.52
3.59	5029	5819	5424	1645.29
3.6	5053	5830	5440	1639.07
3.61	5076	5839	5457	1632.85
3.62	5097	5852	5473	1626.62
3.63	5119	5861	5489	1620.4
3.64	5140	5872	5506	1614.18
3.65	5164	5883	5522	1607.95
3.66	5185	5895	5538	1601.73
3.67	5207	5907	5554	1595.5
3.68	5226	5919	5570	1589.28
3.69	5248	5929	5586	1583.06
3.7	5267	5941	5602	1576.83
3.71	5286	5952	5617	1570.61
3.72	5304	5964	5633	1564.39
3.73	5324	5976	5649	1558.16
3.74	5344	5986	5664	1551.94
3.75	5361	5999	5680	1545.72
3.76	5381	6011	5695	1539.49
3.77	5400	6023	5711	1533.27
3.78	5419	6036	5726	1527.04
3.79	5437	6048	5741	1520.82
3.8	5455	6061	5756	1514.6
3.81	5472	6075	5772	1508.37
3.82	5489	6088	5787	1502.15
3.83	5504	6103	5802	1495.93
3.84	5520	6117	5817	1489.7
3.85	5536	6130	5832	1483.48
3.86	5553	6143	5846	1477.25
3.87	5568	6155	5861	1471.03
3.88	5583	6168	5876	1464.81
3.89	5597	6184	5890	1458.58
3.9	5612	6198	5905	1452.36
3.91	5626	6211	5920	1446.14
3.92	5640	6225	5934	1439.91
3.93	5654	6239	5948	1433.69
3.94	5667	6254	5963	1427.47
3.95	5680	6268	5977	1421.24
3.96	5695	6281	5991	1415.02
3.97	5707	6296	6005	1408.79
3.98	5722	6312	6020	1402.57
3.99	5735	6328	6034	1396.35
4	5748	6343	6048	1390.12
4.01	5761	6359	6061	1383.9
4.02	5772	6374	6075	1377.68
4.03	5783	6390	6089	1371.45
4.04	5795	6405	6103	1365.23
4.05	5807	6421	6116	1359.01
4.06	5818	6437	6130	1352.78
4.07	5829	6453	6144	1346.56
4.08	5839	6468	6157	1340.33
4.09	5850	6486	6170	1334.11
4.1	5862	6501	6184	1327.89
4.11	5874	6517	6197	1321.66
4.12	5885	6533	6210	1315.44
4.13	5896	6549	6223	1309.22
4.14	5906	6564	6236	1302.99
4.15	5917	6580	6249	1296.77
4.16	5927	6596	6262	1290.55
4.17	5937	6613	6275	1284.32
4.18	5947	6630	6288	1278.1
4.19	5956	6647	6301	1271.87
4.2	5967	6663	6314	1265.65
4.21	5978	6677	6326	1259.43
4.22	5988	6692	6339	1253.2
4.23	5998	6708	6351	1246.98
4.24	6007	6724	6364	1240.76
4.25	6017	6740	6376	1234.53
4.26	6026	6756	6389	1228.31
4.27	6034	6772	6401	1222.08
4.28	6043	6787	6413	1215.86
4.29	6050	6802	6425	1209.64
4.3	6058	6819	6437	1203.41
4.31	6067	6834	6450	1197.19
4.32	6075	6849	6461	1190.97
4.33	6084	6866	6473	1184.74
4.34	6091	6882	6485	1178.52
4.35	6099	6898	6497	1067.71
4.36	6107	6912	6508	853.87
4.37	6113	6924	6516	642.36
4.38	6116	6936	6523	433.18
4.39	6117	6943	6527	226.34
4.4	6116	6948	6529	21.83
4.41	6113	6952	6529	-180.35
4.42	6108	6954	6528	-380.19
4.43	6102	6954	6524	-577.7
4.44	6092	6951	6518	-772.88
4.45	6082	6949	6510	-965.73
4.46	6069	6940	6501	-1156.24
4.47	6055	6932	6489	-1344.42
4.48	6038	6921	6476	-1530.27
4.49	6019	6909	6460	-1713.79
4.5	5999	6895	6443	-1894.97
4.51	5978	6879	6424	-2073.82
4.52	5955	6861	6404	-2250.34
4.53	5929	6841	6381	-2424.52
4.54	5901	6820	6357	-2596.37
4.55	5873	6798	6331	-2765.89
4.56	5843	6773	6303	-2933.08
4.57	5813	6746	6274	-3097.93
4.58	5778	6718	6243	-3260.45
4.59	5743	6686	6210	-3420.64
4.6	5706	6655	6176	-3578.49
4.61	5668	6622	6140	-3734.01
4.62	5626	6587	6103	-3887.2
4.63	5585	6551	6064	-4038.06
4.64	5541	6513	6024	-4186.58
4.65	5496	6473	5982	-4332.77
4.66	5450	6433	5939	-4476.63
4.67	5403	6391	5894	-4618.15
4.68	5355	6345	5848	-4757.35
4.69	5303	6300	5800	-4894.21
4.7	5252	6254	5751	-5028.73
4.71	5199	6208	5701	-5160.93
4.72	5146	6157	5649	-5290.79
4.73	5089	6107	5596	-5418.32
4.74	5031	6056	5542	-5543.51
4.75	4972	6003	5487	-5666.38
4.76	4912	5949	5430	-5786.91
4.77	4850	5895	5372	-5905.1
4.78	4787	5839	5313	-6020.97
4.79	4721	5782	5253	-6134.5
4.8	4658	5722	5191	-6245.7
4.81	4591	5663	5129	-6354.56
4.82	4524	5604	5065	-6461.1
4.83	4456	5543	5001	-6565.3
4.84	4385	5483	4935	-6667.17
4.85	4315	5423	4869	-6766.7
4.86	4246	5362	4801	-6863.9
4.87	4173	5296	4732	-6958.77
4.88	4096	5229	4663	-7051.31
4.89	4022	5164	4592	-7141.51
4.9	3949	5097	4521	-7229.38
4.91	3873	5029	4448	-7314.92
4.92	3797	4959	4375	-7398.13
4.93	3720	4890	4301	-7479
4.94	3639	4821	4227	-7557.54
4.95	3560	4749	4151	-7633.75
4.96	3478	4678	4075	-7707.62
4.97	3397	4605	3998	-7779.16
4.98	3313	4532	3920	-7848.37
4.99	3229	4461	3841	-7915.25
5	3145	4387	3762	-7979.79
5.01	3061	4314	3682	-8042
5.02	2975	4238	3602	-8101.88
5.03	2888	4164	3521	-8159.42
5.04	2799	4089	3439	-8214.64
5.05	2711	4013	3357	-8267.52
5.06	2621	3938	3274	-8318.06
5.07	2531	3863	3191	-8366.28
5.08	2441	3785	3108	-8412.16
5.09	2348	3708	3023	-8455.71
5.1	2256	3630	2939	-8496.92
5.11	2164	3550	2854	-8535.8
5.12	2071	3474	2769	-8572.35
5.13	1977	3396	2683	-8606.57
5.14	1885	3318	2597	-8638.45
5.15	1790	3238	2510	-8668.01
5.16	1697	3158	2424	-8695.23
5.17	1603	3078	2337	-8720.11
5.18	1510	2999	2250	-8742.66
5.19	1417	2921	2162	-8762.88
5.2	1321	2844	2075	-8780.77
5.21	1226	2765	1987	-8796.33
5.22	1131	2685	1899	-8809.55
5.23	1035	2603	1811	-8820.44
5.24	939	2523	1722	-8828.99
5.25	844	2441	1634	-8835.22
5.26	748	2360	1546	-8839.11
5.27	654	2279	1457	-8840.67
5.28	558	2198	1369	-8839.89
5.29	461	2121	1281	-8836.79
5.3	364	2039	1192	-8831.34
5.31	267	1959	1104	-8823.57
5.32	170	1880	1016	-8813.47
5.33	73	1800	928	-8801.03
5.34	-24	1721	840	-8786.26
5.35	-123	1641	752	-8769.15
5.36	-217	1561	664	-8749.71
5.37	-312	1483	577	-8727.95
5.38	-410	1403	489	-8703.84
5.39	-506	1324	402	-8677.41
5.4	-599	1244	315	-8648.64
5.41	-695	1163	229	-8617.54
5.42	-791	1084	143	-8584.1
5.43	-886	1006	57	-8548.34
5.44	-980	931	-29	-8510.24
5.45	-1075	851	-114	-8469.81
5.46	-1171	775	-198	-8427.04
5.47	-1264	702	-283	-8381.94
5.48	-1356	628	-366	-8334.51
5.49	-1446	551	-450	-8284.75
5.5	-1537	478	-533	-8232.66
5.51	-1628	405	-615	-8178.23
5.52	-1722	332	-697	-8121.46
5.53	-1813	261	-778	-8062.37
5.54	-1902	189	-859	-8000.94
5.55	-1990	118	-939	-7937.18
5.56	-2079	44	-1018	-7871.09
5.57	-2165	-26	-1097	-7802.67
5.58	-2255	-94	-1175	-7731.91
5.59	-2341	-163	-1252	-7658.82
5.6	-2427	-231	-1329	-7583.39
5.61	-2511	-300	-1404	-7505.64
5.62	-2594	-369	-1480	-7425.55
5.63	-2674	-434	-1554	-7343.12
5.64	-2756	-498	-1627	-7258.37
5.65	-2837	-561	-1700	-7171.28
5.66	-2917	-624	-1772	-7081.86
5.67	-2995	-689	-1842	-6990.11
5.68	-3074	-750	-1912	-6896.02
5.69	-3151	-810	-1981	-6799.6
5.7	-3227	-869	-2049	-6700.85
5.71	-3301	-926	-2116	-6599.77
5.72	-3378	-983	-2182	-6496.35
5.73	-3452	-1039	-2247	-6390.6
5.74	-3521	-1094	-2311	-6282.52
5.75	-3591	-1150	-2374	-6172.1
5.76	-3657	-1208	-2436	-6059.35
5.77	-3727	-1260	-2496	-5944.27
5.78	-3792	-1312	-2556	-5826.86
5.79	-3857	-1364	-2614	-5707.11
5.8	-3920	-1413	-2671	-5585.03
5.81	-3981	-1462	-2727	-5460.62
5.82	-4044	-1511	-2781	-5333.88
5.83	-4105	-1559	-2835	-5204.8
5.84	-4167	-1606	-2887	-5073.39
5.85	-4225	-1650	-2938	-4939.64
5.86	-4279	-1695	-2987	-4803.57
5.87	-4333	-1736	-3035	-4665.16
5.88	-4387	-1776	-3082	-4524.42
5.89	-4439	-1815	-3127	-4381.34
5.9	-4489	-1851	-3171	-4235.94
5.91	-4538	-1886	-3213	-4088.2
5.92	-4584	-1919	-3254	-3938.12
5.93	-4627	-1952	-3293	-3785.72
5.94	-4670	-1984	-3331	-3630.98
5.95	-4710	-2015	-3367	-3473.91
5.96	-4750	-2045	-3402	-3314.5
5.97	-4791	-2075	-3435	-3152.77
5.98	-4829	-2103	-3467	-2988.7
5.99	-4866	-2127	-3497	-2822.29
6	-4898	-2151	-3525	-2653.56
6.01	-4929	-2171	-3552	-2482.49
6.02	-4957	-2191	-3576	-2309.09
6.03	-4981	-2211	-3599	-2133.36
6.04	-5006	-2231	-3621	-1955.29
6.05	-5032	-2248	-3640	-1774.89
6.06	-5052	-2262	-3658	-1592.16
6.07	-5071	-2275	-3674	-1407.1
6.08	-5088	-2287	-3688	-1219.7
6.09	-5104	-2297	-3700	-1029.97
6.1	-5115	-2306	-3711	-837.91
6.11	-5126	-2312	-3719	-643.51
6.12	-5135	-2317	-3725	-446.78
6.13	-5142	-2320	-3730	-247.72
6.14	-5147	-2320	-3732	-46.33
6.15	-5149	-2320	-3733	157.4
6.16	-5150	-2317	-3731	363.46
6.17	-5150	-2313	-3728	571.85
6.18	-5146	-2305	-3722	782.58
6.19	-5140	-2295	-3714	995.64
6.2	-5130	-2283	-3704	1211.03
6.21	-5120	-2271	-3692	1428.75
6.22	-5106	-2256	-3678	1648.81
6.23	-5089	-2237	-3661	1871.2
6.24	-5069	-2217	-3643	2095.92
6.25	-5046	-2196	-3622	2322.97
6.26	-5022	-2173	-3598	2552.36
6.27	-4996	-2147	-3573	2784.08
6.28	-4970	-2118	-3545	3018.13
6.29	-4936	-2089	-3515	3254.52
6.3	-4903	-2058	-3482	3493.24
6.31	-4866	-2025	-3447	3734.29
6.32	-4829	-1989	-3410	3977.67
6.33	-4786	-1952	-3370	4223.39
6.34	-4741	-1912	-3328	4471.44
6.35	-4694	-1869	-3283	4721.82
6.36	-4644	-1825	-3236	4974.54
6.37	-4591	-1778	-3186	5229.59
6.38	-4537	-1728	-3134	5486.97
6.39	-4476	-1676	-3079	5746.68
6.4	-4414	-1622	-3022	6008.73
6.41	-4352	-1567	-2962	6273.11
6.42	-4288	-1509	-2899	6539.82
6.43	-4217	-1449	-2833	6808.86
6.44	-4144	-1388	-2765	7080.24
6.45	-4070	-1323	-2695	7353.95
6.46	-3993	-1255	-2621	7629.99
6.47	-3911	-1184	-2545	7908.37
6.48	-3825	-1109	-2466	8189.08
6.49	-3738	-1033	-2384	8472.12
6.5	-3648	-955	-2299	8757.49
6.51	-3553	-874	-2211	9045.2
6.52	-3457	-791	-2121	9335.24
6.53	-3355	-704	-2028	9627.61
6.54	-3250	-614	-1931	9922.32
6.55	-3143	-522	-1832	10219.36
6.56	-3033	-429	-1730	10518.73
6.57	-2921	-331	-1625	10820.43
6.58	-2805	-232	-1517	11124.47
6.59	-2684	-131	-1405	11430.84
6.6	-2561	-26	-1291	11739.54
6.61	-2434	82	-1174	12050.57
6.62	-2304	193	-1053	12363.94
6.63	-2170	308	-929	12679.64
6.64	-2033	425	-803	12997.68
6.65	-1892	545	-673	13318.04
6.66	-1747	668	-539	13640.74
6.67	-1599	793	-403	13965.77
6.68	-1449	921	-263	14293.14
6.69	-1295	1052	-120	14622.83
6.7	-1137	1186	26	14954.86
6.71	-975	1321	175	15289.23
6.72	-810	1460	328	15625.92
6.73	-641	1603	484	15964.95
6.74	-468	1749	644	16306.31
6.75	-291	1899	807	16650.01
6.76	-109	2051	974	16996.03
6.77	75	2203	1144	17344.39
6.78	263	2360	1317	17695.08
6.79	456	2522	1494	18048.11
6.8	653	2687	1675	18403.47
6.81	854	2855	1859	18761.16
6.82	1059	3027	2046	19121.18
6.83	1267	3203	2237	19483.54
6.84	1478	3381	2432	19848.23
6.85	1694	3561	2631	20215.25
6.86	1913	3746	2833	20584.6
6.87	2137	3933	3039	20956.29
6.88	2366	4124	3248	21330.31
6.89	2598	4318	3462	21706.66
6.9	2835	4515	3679	22085.35
6.91	3075	4716	3899	22466.37
6.92	3321	4921	4124	22849.72
6.93	3571	5129	4353	23235.4
6.94	3824	5340	4585	23623.42
6.95	4083	5555	4821	24013.77
6.96	4346	5773	5061	24406.45
6.97	4611	5995	5305	24801.47
6.98	4883	6221	5553	25198.81
6.99	5157	6450	5805	25598.49
7	5437	6682	6061	26000.51
7.01	5720	6919	6321	26404.85
7.02	6006	7157	6585	26811.53
7.03	6298	7402	6854	27220.54
7.04	6595	7650	7126	27631.89
7.05	6897	7899	7402	27569.17
7.06	7199	8149	7678	27030.82
7.07	7495	8394	7948	26492.48
7.08	7784	8636	8213	25954.13
7.09	8068	8873	8473	25415.79
7.1	8344	9104	8727	24877.44
7.11	8615	9330	8975	24339.1
7.12	8880	9553	9219	23800.75
7.13	9139	9770	9457	23262.41
7.14	9394	9982	9690	22724.07
7.15	9640	10190	9917	22185.72
7.16	9881	10392	10139	21647.38
7.17	10116	10591	10355	21109.03
7.18	10346	10784	10566	20570.69
7.19	10569	10974	10772	20032.34
7.2	10786	11157	10972	19494
7.21	10997	11337	11167	18955.65
7.22	11201	11512	11357	18417.31
7.23	11399	11683	11541	17878.96
7.24	11591	11849	11720	17340.62
7.25	11775	12012	11893	16802.27
7.26	11952	12170	12061	16263.93
7.27	12123	12324	12224	15725.59
7.28	12288	12475	12381	15187.24
7.29	12445	12621	12533	14648.9
7.3	12594	12765	12679	14110.55
7.31	12737	12904	12820	13572.21
7.32	12872	13040	12956	NA
