depth	min68.2%	max68.2%	best	accrate
3.58	5066	5698	5378	973.55
3.59	5080	5703	5388	986.31
3.6	5093	5711	5398	999.01
3.61	5107	5719	5408	1011.65
3.62	5120	5726	5418	1024.23
3.63	5135	5732	5428	1036.75
3.64	5150	5739	5438	1049.21
3.65	5163	5744	5449	1061.61
3.66	5177	5753	5459	1073.95
3.67	5191	5760	5470	1086.22
3.68	5205	5769	5481	1098.44
3.69	5219	5777	5492	1110.6
3.7	5232	5785	5503	1122.7
3.71	5245	5794	5514	1134.74
3.72	5260	5803	5526	1146.71
3.73	5274	5813	5537	1158.63
3.74	5289	5822	5549	1170.49
3.75	5304	5833	5560	1182.28
3.76	5318	5843	5572	1194.02
3.77	5332	5854	5584	1205.69
3.78	5344	5864	5596	1217.31
3.79	5357	5874	5608	1228.86
3.8	5372	5883	5621	1240.36
3.81	5384	5895	5633	1251.79
3.82	5398	5905	5646	1263.17
3.83	5410	5916	5658	1274.48
3.84	5424	5928	5671	1285.74
3.85	5438	5940	5684	1296.93
3.86	5451	5953	5697	1308.06
3.87	5465	5964	5710	1319.14
3.88	5479	5977	5723	1330.15
3.89	5492	5989	5736	1341.1
3.9	5506	6001	5750	1351.99
3.91	5520	6013	5763	1362.83
3.92	5532	6027	5777	1373.6
3.93	5546	6039	5791	1384.31
3.94	5561	6053	5805	1394.96
3.95	5575	6066	5819	1405.55
3.96	5588	6079	5833	1416.08
3.97	5603	6093	5847	1426.55
3.98	5616	6108	5861	1436.96
3.99	5630	6121	5875	1447.31
4	5644	6134	5890	1457.6
4.01	5659	6149	5904	1467.83
4.02	5673	6163	5919	1478
4.03	5686	6178	5934	1488.11
4.04	5702	6194	5949	1498.16
4.05	5717	6207	5964	1508.15
4.06	5731	6222	5979	1518.08
4.07	5745	6238	5994	1527.94
4.08	5759	6254	6009	1537.75
4.09	5774	6269	6025	1547.5
4.1	5789	6286	6040	1557.18
4.11	5803	6302	6056	1566.81
4.12	5817	6318	6071	1576.38
4.13	5832	6334	6087	1585.88
4.14	5846	6350	6103	1595.33
4.15	5860	6366	6119	1604.71
4.16	5875	6383	6135	1614.04
4.17	5890	6400	6151	1623.31
4.18	5906	6418	6167	1632.51
4.19	5920	6435	6184	1641.65
4.2	5935	6452	6200	1650.74
4.21	5951	6469	6217	1659.76
4.22	5966	6486	6233	1668.73
4.23	5980	6504	6250	1677.63
4.24	5996	6522	6267	1686.47
4.25	6010	6540	6284	1695.26
4.26	6025	6558	6300	1703.98
4.27	6040	6575	6318	1712.64
4.28	6057	6592	6335	1721.24
4.29	6073	6610	6352	1729.78
4.3	6090	6628	6369	1738.27
4.31	6107	6647	6387	1746.69
4.32	6123	6665	6404	1755.05
4.33	6140	6684	6422	1763.35
4.34	6157	6702	6439	1771.59
4.35	6174	6721	6457	1779.77
4.36	6192	6740	6475	1787.89
4.37	6208	6758	6493	1795.95
4.38	6224	6778	6511	1803.95
4.39	6240	6796	6529	1811.89
4.4	6257	6815	6547	1819.77
4.41	6274	6834	6565	1827.58
4.42	6291	6854	6583	1835.34
4.43	6310	6873	6602	1843.04
4.44	6328	6892	6620	1850.68
4.45	6345	6910	6638	1858.26
4.46	6362	6929	6657	1865.77
4.47	6378	6948	6676	1873.23
4.48	6396	6968	6694	1880.63
4.49	6415	6988	6713	1887.96
4.5	6433	7007	6732	1895.24
4.51	6450	7027	6751	1902.46
4.52	6468	7047	6770	1909.61
4.53	6486	7067	6789	1916.71
4.54	6504	7087	6808	1923.74
4.55	6521	7107	6828	1930.72
4.56	6540	7128	6847	1937.63
4.57	6558	7149	6866	1944.49
4.58	6577	7169	6886	1951.28
4.59	6595	7189	6905	1958.01
4.6	6615	7210	6925	1964.69
4.61	6633	7230	6944	1971.3
4.62	6652	7251	6964	1977.85
4.63	6672	7271	6984	1984.34
4.64	6691	7292	7004	1990.78
4.65	6710	7313	7024	1997.15
4.66	6729	7334	7044	2003.46
4.67	6749	7354	7064	2009.71
4.68	6769	7376	7084	2015.9
4.69	6788	7397	7104	2022.04
4.7	6808	7418	7124	2028.11
4.71	6828	7440	7144	2034.12
4.72	6847	7461	7165	2040.07
4.73	6867	7483	7185	2045.96
4.74	6888	7504	7206	2051.79
4.75	6908	7525	7226	2057.56
4.76	6927	7547	7247	2063.26
4.77	6948	7568	7267	2068.91
4.78	6969	7590	7288	2074.5
4.79	6989	7612	7309	2080.03
4.8	7009	7633	7330	2085.5
4.81	7031	7654	7350	2090.91
4.82	7052	7676	7371	2096.25
4.83	7072	7697	7392	2101.54
4.84	7093	7719	7413	2106.77
4.85	7113	7740	7434	2111.93
4.86	7134	7762	7456	2117.04
4.87	7155	7784	7477	2122.09
4.88	7176	7805	7498	2127.07
4.89	7197	7826	7519	2132
4.9	7218	7848	7541	2136.86
4.91	7240	7869	7562	2141.67
4.92	7262	7891	7583	2146.41
4.93	7283	7913	7605	2151.1
4.94	7305	7936	7626	2155.72
4.95	7325	7958	7648	2160.29
4.96	7347	7980	7669	2164.79
4.97	7368	8002	7691	2169.23
4.98	7390	8025	7713	2173.62
4.99	7412	8047	7735	2177.94
5	7434	8069	7756	2182.2
5.01	7456	8091	7778	2186.4
5.02	7477	8113	7800	2190.55
5.03	7499	8136	7822	2194.63
5.04	7521	8158	7844	2198.65
5.05	7543	8180	7866	2202.61
5.06	7565	8202	7888	2206.51
5.07	7587	8224	7910	2210.35
5.08	7610	8246	7932	2214.13
5.09	7631	8269	7954	2217.85
5.1	7654	8291	7976	2221.51
5.11	7676	8314	7999	2225.11
5.12	7698	8335	8021	2228.65
5.13	7720	8357	8043	2232.13
5.14	7743	8380	8065	2235.55
5.15	7765	8402	8088	2238.91
5.16	7788	8423	8110	2242.21
5.17	7811	8445	8133	2245.45
5.18	7833	8467	8155	2248.62
5.19	7855	8490	8178	2251.74
5.2	7878	8513	8200	2254.8
5.21	7901	8536	8223	2257.8
5.22	7924	8558	8245	2260.73
5.23	7947	8581	8268	2263.61
5.24	7971	8603	8290	2266.42
5.25	7994	8626	8313	2269.18
5.26	8017	8649	8336	2271.88
5.27	8040	8671	8359	2274.51
5.28	8064	8694	8381	2277.09
5.29	8087	8716	8404	2279.6
5.3	8109	8739	8427	2282.06
5.31	8132	8761	8450	2284.45
5.32	8155	8784	8472	2286.78
5.33	8179	8807	8495	2289.06
5.34	8202	8829	8518	2291.27
5.35	8225	8852	8541	2293.43
5.36	8249	8874	8564	2295.52
5.37	8272	8897	8587	2297.55
5.38	8295	8919	8610	2299.52
5.39	8319	8942	8633	2301.44
5.4	8343	8964	8656	2303.29
5.41	8366	8987	8679	2305.08
5.42	8390	9010	8702	2306.81
5.43	8414	9032	8725	2308.48
5.44	8438	9055	8748	2310.09
5.45	8462	9078	8771	2311.64
5.46	8486	9100	8794	2313.13
5.47	8510	9123	8818	2314.56
5.48	8533	9146	8841	2315.93
5.49	8557	9168	8864	2317.24
5.5	8580	9190	8887	2318.49
5.51	8605	9212	8910	2319.68
5.52	8629	9235	8933	2320.81
5.53	8653	9257	8957	2321.88
5.54	8677	9279	8980	2322.88
5.55	8702	9302	9003	2323.83
5.56	8726	9324	9026	2324.72
5.57	8750	9347	9050	2325.55
5.58	8774	9369	9073	2326.31
5.59	8797	9392	9096	2327.02
5.6	8822	9413	9119	2327.67
5.61	8846	9436	9143	2328.25
5.62	8869	9459	9166	2328.78
5.63	8894	9481	9189	2329.25
5.64	8919	9503	9213	2329.65
5.65	8943	9525	9236	2330
5.66	8968	9548	9259	2330.28
5.67	8992	9570	9282	2330.51
5.68	9017	9592	9306	2330.67
5.69	9040	9615	9329	2330.77
5.7	9064	9638	9352	2330.82
5.71	9089	9660	9376	2330.8
5.72	9114	9683	9399	2330.72
5.73	9138	9705	9422	2330.59
5.74	9163	9728	9446	2330.39
5.75	9187	9750	9469	2330.13
5.76	9211	9772	9492	2329.81
5.77	9236	9794	9515	2329.44
5.78	9261	9816	9539	2329
5.79	9284	9838	9562	2328.5
5.8	9309	9860	9585	2327.94
5.81	9333	9882	9609	2327.32
5.82	9357	9904	9632	2326.64
5.83	9382	9926	9655	2325.9
5.84	9407	9948	9678	2325.1
5.85	9431	9971	9702	2324.24
5.86	9456	9993	9725	2323.32
5.87	9481	10015	9748	2322.34
5.88	9505	10036	9771	2321.3
5.89	9530	10058	9795	2320.2
5.9	9554	10080	9818	2319.04
5.91	9577	10102	9841	2317.81
5.92	9602	10124	9864	2316.53
5.93	9627	10146	9887	2315.19
5.94	9651	10169	9910	2313.79
5.95	9674	10190	9934	2312.32
5.96	9699	10212	9957	2310.8
5.97	9723	10233	9980	2309.22
5.98	9747	10255	10003	2307.57
5.99	9771	10277	10026	2305.87
6	9796	10299	10049	2304.11
6.01	9820	10321	10072	2302.28
6.02	9844	10342	10095	2300.4
6.03	9868	10364	10118	2298.45
6.04	9892	10385	10141	2296.45
6.05	9917	10407	10164	2294.38
6.06	9942	10429	10187	2292.25
6.07	9966	10451	10210	2290.07
6.08	9990	10473	10233	2287.82
6.09	10014	10495	10256	2285.51
6.1	10038	10516	10279	2283.15
6.11	10063	10538	10301	2280.72
6.12	10087	10559	10324	2278.23
6.13	10111	10581	10347	2275.68
6.14	10134	10603	10370	2273.08
6.15	10158	10623	10393	2270.41
6.16	10182	10645	10415	2267.68
6.17	10206	10666	10438	2264.89
6.18	10230	10687	10461	2262.04
6.19	10255	10708	10483	2259.13
6.2	10279	10729	10506	2256.16
6.21	10303	10750	10528	2253.13
6.22	10327	10771	10551	2250.04
6.23	10351	10792	10573	2246.89
6.24	10375	10813	10596	2243.68
6.25	10399	10834	10618	2240.41
6.26	10422	10855	10641	2237.08
6.27	10446	10876	10663	2233.69
6.28	10470	10896	10685	2230.23
6.29	10494	10917	10708	2226.72
6.3	10518	10938	10730	2223.15
6.31	10541	10959	10752	2219.52
6.32	10565	10980	10774	2215.82
6.33	10589	11000	10797	2212.07
6.34	10612	11021	10819	2208.26
6.35	10636	11042	10841	2204.38
6.36	10660	11063	10863	2200.45
6.37	10683	11084	10885	2196.46
6.38	10706	11105	10907	2192.4
6.39	10730	11126	10929	2188.29
6.4	10753	11146	10951	2184.11
6.41	10777	11166	10972	2179.88
6.42	10800	11187	10994	2175.58
6.43	10823	11207	11016	2171.22
6.44	10846	11228	11038	2166.81
6.45	10869	11248	11059	2162.33
6.46	10892	11269	11081	2157.79
6.47	10915	11289	11103	2153.2
6.48	10938	11310	11124	2148.54
6.49	10961	11330	11146	2143.82
6.5	10984	11349	11167	2139.05
6.51	11007	11370	11188	2134.21
6.52	11030	11391	11210	2129.31
6.53	11053	11410	11231	2124.35
6.54	11076	11431	11252	2119.33
6.55	11098	11451	11273	2114.25
6.56	11121	11470	11295	2109.11
6.57	11144	11490	11316	2103.91
6.58	11167	11510	11337	2098.65
6.59	11189	11530	11358	2093.33
6.6	11211	11550	11379	2087.95
6.61	11233	11570	11400	2082.51
6.62	11254	11589	11420	2077.01
6.63	11277	11608	11441	2071.45
6.64	11299	11627	11462	2065.83
6.65	11320	11646	11482	2060.15
6.66	11342	11665	11503	2054.4
6.67	11364	11685	11524	2048.6
6.68	11385	11703	11544	2042.74
6.69	11407	11723	11565	2036.82
6.7	11428	11742	11585	2030.83
6.71	11450	11760	11605	2024.79
6.72	11472	11780	11625	2018.69
6.73	11493	11799	11646	2012.52
6.74	11515	11818	11666	2006.3
6.75	11536	11837	11686	2000.01
6.76	11557	11856	11706	1993.67
6.77	11578	11876	11726	1987.26
6.78	11600	11894	11746	1980.8
6.79	11621	11913	11765	1974.27
6.8	11642	11931	11785	1967.69
6.81	11664	11950	11805	1961.04
6.82	11685	11969	11824	1954.33
6.83	11706	11988	11844	1947.57
6.84	11726	12006	11864	1940.74
6.85	11746	12024	11883	1933.85
6.86	11767	12042	11902	1926.9
6.87	11788	12060	11922	1919.9
6.88	11808	12078	11941	1912.83
6.89	11828	12096	11960	1905.7
6.9	11848	12114	11979	1898.51
6.91	11869	12132	11998	1891.26
6.92	11889	12151	12017	1883.95
6.93	11909	12169	12036	1876.58
6.94	11929	12187	12054	1869.15
6.95	11949	12205	12073	1861.66
6.96	11969	12222	12092	1854.11
6.97	11988	12240	12110	1846.5
6.98	12008	12258	12129	1838.83
6.99	12027	12276	12147	1831.1
7	12047	12293	12165	1823.31
7.01	12066	12310	12184	1815.46
7.02	12085	12328	12202	1807.55
7.03	12104	12345	12220	1799.58
7.04	12123	12362	12238	1791.54
7.05	12143	12379	12256	2048
7.05	12143	12379	12256	1783.45
7.06	12162	12396	12274	1775.3
7.07	12181	12413	12291	1767.08
7.08	12199	12430	12309	1758.81
7.09	12218	12447	12327	1750.48
7.1	12236	12463	12344	1742.08
7.11	12255	12480	12362	1733.63
7.12	12273	12497	12379	1725.11
7.13	12292	12513	12396	1716.54
7.14	12310	12529	12413	1707.9
7.15	12328	12546	12430	1699.21
7.16	12346	12563	12447	1690.45
7.17	12364	12579	12464	1681.64
7.18	12382	12595	12481	1672.76
7.19	12400	12611	12498	1663.83
7.2	12417	12628	12514	1654.83
7.21	12435	12643	12531	1645.77
7.22	12452	12659	12547	1636.65
7.23	12469	12675	12564	1627.48
7.24	12486	12691	12580	1618.24
7.25	12503	12706	12596	1608.94
7.26	12520	12721	12612	1599.58
7.27	12537	12736	12628	1590.16
7.28	12553	12751	12644	1580.69
7.29	12570	12766	12660	1571.15
7.3	12586	12781	12676	1561.55
7.31	12602	12796	12691	1551.89
7.32	12619	12810	12707	NA
