depth	min68.2%	max68.2%	best	accrate
3.58	5004	5798	5401	1659.8
3.59	5028	5808	5417	1653.53
3.6	5051	5820	5434	1647.26
3.61	5073	5829	5450	1640.99
3.62	5095	5842	5467	1634.72
3.63	5116	5853	5483	1628.45
3.64	5138	5863	5499	1622.18
3.65	5160	5873	5516	1615.91
3.66	5180	5883	5532	1609.64
3.67	5202	5893	5548	1603.37
3.68	5222	5904	5564	1597.1
3.69	5244	5915	5580	1590.83
3.7	5265	5926	5596	1584.56
3.71	5285	5940	5612	1578.3
3.72	5304	5950	5627	1572.03
3.73	5323	5962	5643	1565.76
3.74	5343	5975	5659	1559.49
3.75	5363	5986	5674	1553.22
3.76	5382	5998	5690	1546.95
3.77	5400	6011	5705	1540.68
3.78	5417	6023	5721	1534.41
3.79	5435	6034	5736	1528.14
3.8	5453	6047	5751	1521.87
3.81	5469	6062	5767	1515.6
3.82	5486	6074	5782	1509.33
3.83	5503	6089	5797	1503.06
3.84	5521	6100	5812	1496.79
3.85	5536	6114	5827	1490.53
3.86	5552	6128	5842	1484.26
3.87	5567	6141	5857	1477.99
3.88	5581	6155	5871	1471.72
3.89	5596	6170	5886	1465.45
3.9	5612	6184	5901	1459.18
3.91	5627	6199	5915	1452.91
3.92	5642	6214	5930	1446.64
3.93	5658	6228	5944	1440.37
3.94	5672	6243	5959	1434.1
3.95	5686	6258	5973	1427.83
3.96	5700	6272	5987	1421.56
3.97	5714	6286	6002	1415.29
3.98	5726	6301	6016	1409.02
3.99	5739	6317	6030	1402.75
4	5752	6332	6044	1396.49
4.01	5765	6349	6058	1390.22
4.02	5778	6365	6072	1383.95
4.03	5790	6380	6086	1377.68
4.04	5802	6395	6099	1371.41
4.05	5813	6411	6113	1365.14
4.06	5825	6427	6127	1358.87
4.07	5835	6444	6140	1352.6
4.08	5845	6460	6154	1346.33
4.09	5855	6475	6167	1340.06
4.1	5865	6491	6181	1333.79
4.11	5876	6507	6194	1327.52
4.12	5887	6523	6207	1321.25
4.13	5898	6540	6221	1314.98
4.14	5907	6558	6234	1308.72
4.15	5917	6573	6247	1302.45
4.16	5927	6590	6260	1296.18
4.17	5936	6607	6273	1289.91
4.18	5947	6623	6286	1283.64
4.19	5956	6640	6299	1277.37
4.2	5965	6656	6311	1271.1
4.21	5974	6673	6324	1264.83
4.22	5983	6689	6337	1258.56
4.23	5992	6706	6349	1252.29
4.24	6002	6722	6362	1246.02
4.25	6009	6740	6374	1239.75
4.26	6018	6756	6387	1233.48
4.27	6028	6772	6399	1227.21
4.28	6036	6788	6411	1220.95
4.29	6044	6805	6423	1214.68
4.3	6052	6821	6436	1208.41
4.31	6059	6837	6448	1202.14
4.32	6067	6853	6460	1195.87
4.33	6074	6869	6472	1189.6
4.34	6082	6885	6484	1183.33
4.35	6088	6900	6495	1072.33
4.36	6095	6914	6506	858.14
4.37	6100	6927	6515	646.3
4.38	6104	6938	6521	436.79
4.39	6104	6945	6526	229.61
4.4	6104	6951	6528	24.78
4.41	6101	6955	6528	-177.73
4.42	6097	6957	6526	-377.89
4.43	6090	6957	6522	-575.72
4.44	6082	6955	6517	-771.21
4.45	6071	6951	6509	-964.37
4.46	6058	6944	6499	-1155.19
4.47	6045	6935	6488	-1343.68
4.48	6027	6925	6474	-1529.82
4.49	6008	6912	6459	-1713.64
4.5	5987	6899	6442	-1895.11
4.51	5966	6884	6423	-2074.25
4.52	5943	6867	6402	-2251.06
4.53	5918	6846	6380	-2425.53
4.54	5889	6822	6355	-2597.66
4.55	5861	6799	6330	-2767.46
4.56	5831	6774	6302	-2934.92
4.57	5799	6748	6272	-3100.04
4.58	5766	6721	6241	-3262.83
4.59	5730	6693	6209	-3423.28
4.6	5691	6661	6175	-3581.39
4.61	5652	6629	6139	-3737.17
4.62	5611	6593	6101	-3890.62
4.63	5568	6557	6063	-4041.73
4.64	5524	6519	6022	-4190.5
4.65	5480	6482	5980	-4336.93
4.66	5433	6444	5937	-4481.03
4.67	5385	6402	5892	-4622.79
4.68	5336	6360	5846	-4762.22
4.69	5285	6317	5798	-4899.31
4.7	5233	6273	5749	-5034.07
4.71	5178	6227	5699	-5166.48
4.72	5121	6181	5647	-5296.57
4.73	5062	6133	5594	-5424.31
4.74	5000	6083	5540	-5549.72
4.75	4939	6032	5484	-5672.8
4.76	4876	5979	5428	-5793.54
4.77	4812	5925	5370	-5911.94
4.78	4747	5870	5311	-6028
4.79	4682	5816	5250	-6141.73
4.8	4615	5760	5189	-6253.13
4.81	4547	5702	5126	-6362.18
4.82	4477	5646	5063	-6468.91
4.83	4407	5585	4998	-6573.29
4.84	4336	5526	4932	-6675.34
4.85	4263	5465	4866	-6775.05
4.86	4191	5402	4798	-6872.43
4.87	4115	5340	4729	-6967.47
4.88	4040	5277	4660	-7060.18
4.89	3962	5212	4589	-7150.55
4.9	3884	5145	4517	-7238.58
4.91	3807	5080	4445	-7324.28
4.92	3729	5015	4372	-7407.64
4.93	3649	4947	4298	-7488.66
4.94	3567	4877	4223	-7567.35
4.95	3482	4810	4147	-7643.7
4.96	3398	4741	4071	-7717.72
4.97	3313	4672	3994	-7789.4
4.98	3226	4602	3916	-7858.74
4.99	3139	4534	3837	-7925.75
5	3052	4464	3758	-7990.42
5.01	2967	4391	3678	-8052.76
5.02	2880	4319	3597	-8112.76
5.03	2791	4250	3516	-8170.42
5.04	2699	4178	3435	-8225.75
5.05	2608	4107	3352	-8278.74
5.06	2516	4034	3269	-8329.39
5.07	2424	3962	3186	-8377.71
5.08	2331	3887	3102	-8423.69
5.09	2238	3815	3018	-8467.34
5.1	2143	3740	2934	-8508.65
5.11	2049	3664	2848	-8547.63
5.12	1952	3590	2763	-8584.27
5.13	1856	3514	2677	-8618.57
5.14	1759	3438	2591	-8650.53
5.15	1662	3361	2504	-8680.16
5.16	1563	3285	2418	-8707.46
5.17	1467	3208	2331	-8732.42
5.18	1368	3129	2243	-8755.04
5.19	1267	3052	2156	-8775.32
5.2	1167	2977	2068	-8793.27
5.21	1071	2898	1980	-8808.89
5.22	971	2818	1892	-8822.17
5.23	872	2739	1804	-8833.11
5.24	773	2660	1715	-8841.71
5.25	673	2584	1627	-8847.98
5.26	574	2505	1538	-8851.92
5.27	475	2428	1450	-8853.51
5.28	373	2352	1361	-8852.77
5.29	274	2274	1273	-8849.7
5.3	175	2197	1184	-8844.29
5.31	73	2117	1096	-8836.54
5.32	-28	2036	1008	-8826.46
5.33	-126	1959	919	-8814.04
5.34	-226	1883	831	-8799.28
5.35	-325	1807	743	-8782.19
5.36	-425	1732	655	-8762.76
5.37	-521	1656	568	-8741
5.38	-622	1580	480	-8716.9
5.39	-721	1503	393	-8690.46
5.4	-822	1428	306	-8661.69
5.41	-921	1352	220	-8630.58
5.42	-1019	1281	133	-8597.14
5.43	-1116	1208	47	-8561.36
5.44	-1213	1133	-38	-8523.24
5.45	-1313	1061	-124	-8482.79
5.46	-1409	988	-208	-8440
5.47	-1506	918	-293	-8394.87
5.48	-1599	847	-377	-8347.41
5.49	-1696	776	-460	-8297.62
5.5	-1796	704	-543	-8245.48
5.51	-1888	634	-626	-8191.01
5.52	-1982	563	-708	-8134.21
5.53	-2074	493	-789	-8075.07
5.54	-2167	426	-870	-8013.59
5.55	-2258	353	-950	-7949.78
5.56	-2349	285	-1029	-7883.63
5.57	-2439	218	-1108	-7815.14
5.58	-2531	152	-1186	-7744.32
5.59	-2618	84	-1264	-7671.16
5.6	-2704	19	-1340	-7595.67
5.61	-2792	-44	-1416	-7517.84
5.62	-2880	-110	-1492	-7437.67
5.63	-2967	-178	-1566	-7355.17
5.64	-3050	-243	-1639	-7270.33
5.65	-3133	-309	-1712	-7183.15
5.66	-3216	-371	-1784	-7093.64
5.67	-3298	-432	-1855	-7001.8
5.68	-3377	-490	-1925	-6907.61
5.69	-3456	-549	-1994	-6811.09
5.7	-3535	-604	-2062	-6712.24
5.71	-3613	-662	-2129	-6611.05
5.72	-3688	-720	-2195	-6507.52
5.73	-3762	-774	-2260	-6401.66
5.74	-3837	-829	-2324	-6293.46
5.75	-3909	-881	-2387	-6182.92
5.76	-3977	-934	-2449	-6070.05
5.77	-4044	-986	-2510	-5954.84
5.78	-4112	-1037	-2569	-5837.3
5.79	-4181	-1089	-2628	-5717.42
5.8	-4243	-1137	-2685	-5595.2
5.81	-4305	-1185	-2741	-5470.65
5.82	-4365	-1230	-2796	-5343.76
5.83	-4427	-1274	-2849	-5214.54
5.84	-4488	-1320	-2901	-5082.98
5.85	-4544	-1363	-2952	-4949.08
5.86	-4601	-1405	-3002	-4812.85
5.87	-4657	-1447	-3050	-4674.28
5.88	-4711	-1485	-3096	-4533.38
5.89	-4762	-1523	-3142	-4390.13
5.9	-4813	-1558	-3186	-4244.56
5.91	-4863	-1593	-3228	-4096.64
5.92	-4914	-1628	-3269	-3946.4
5.93	-4962	-1659	-3309	-3793.81
5.94	-5004	-1689	-3346	-3638.89
5.95	-5045	-1719	-3383	-3481.63
5.96	-5083	-1747	-3418	-3322.04
5.97	-5121	-1775	-3451	-3160.11
5.98	-5159	-1802	-3483	-2995.84
5.99	-5195	-1828	-3512	-2829.24
6	-5227	-1851	-3541	-2660.3
6.01	-5259	-1873	-3567	-2489.03
6.02	-5288	-1895	-3592	-2315.42
6.03	-5319	-1915	-3615	-2139.47
6.04	-5345	-1932	-3637	-1961.19
6.05	-5370	-1949	-3656	-1780.57
6.06	-5394	-1965	-3674	-1597.62
6.07	-5414	-1977	-3690	-1412.33
6.08	-5432	-1988	-3704	-1224.7
6.09	-5445	-1999	-3717	-1034.74
6.1	-5458	-2004	-3727	-842.44
6.11	-5469	-2008	-3735	-647.8
6.12	-5478	-2010	-3742	-450.83
6.13	-5485	-2010	-3746	-251.52
6.14	-5491	-2012	-3749	-49.88
6.15	-5496	-2009	-3749	154.1
6.16	-5497	-2006	-3748	360.42
6.17	-5494	-2002	-3744	569.07
6.18	-5489	-1994	-3739	780.05
6.19	-5483	-1984	-3731	993.38
6.2	-5475	-1973	-3721	1209.04
6.21	-5464	-1961	-3709	1427.03
6.22	-5451	-1945	-3694	1647.37
6.23	-5436	-1929	-3678	1870.03
6.24	-5416	-1910	-3659	2095.04
6.25	-5394	-1890	-3638	2322.38
6.26	-5369	-1867	-3615	2552.06
6.27	-5343	-1843	-3590	2784.07
6.28	-5314	-1817	-3562	3018.42
6.29	-5281	-1790	-3532	3255.1
6.3	-5247	-1759	-3499	3494.12
6.31	-5206	-1727	-3464	3735.48
6.32	-5166	-1692	-3427	3979.17
6.33	-5125	-1655	-3387	4225.2
6.34	-5077	-1617	-3345	4473.57
6.35	-5029	-1575	-3300	4724.27
6.36	-4978	-1533	-3253	4977.31
6.37	-4923	-1486	-3203	5232.68
6.38	-4866	-1438	-3151	5490.39
6.39	-4806	-1389	-3096	5750.44
6.4	-4743	-1339	-3038	6012.82
6.41	-4676	-1286	-2978	6277.54
6.42	-4608	-1229	-2915	6544.59
6.43	-4537	-1172	-2850	6813.98
6.44	-4461	-1110	-2782	7085.71
6.45	-4384	-1047	-2711	7359.77
6.46	-4302	-979	-2637	7636.17
6.47	-4217	-909	-2561	7914.9
6.48	-4129	-837	-2482	8195.97
6.49	-4039	-766	-2400	8479.38
6.5	-3946	-690	-2315	8765.12
6.51	-3849	-611	-2227	9053.2
6.52	-3747	-530	-2137	9343.62
6.53	-3642	-448	-2043	9636.37
6.54	-3537	-363	-1947	9931.45
6.55	-3426	-275	-1848	10228.88
6.56	-3312	-183	-1745	10528.64
6.57	-3196	-90	-1640	10830.73
6.58	-3076	7	-1532	11135.16
6.59	-2952	105	-1420	11441.93
6.6	-2825	207	-1306	11751.04
6.61	-2693	312	-1188	12062.48
6.62	-2559	420	-1068	12376.25
6.63	-2423	530	-944	12692.36
6.64	-2281	640	-817	13010.81
6.65	-2137	755	-687	13331.6
6.66	-1987	873	-554	13654.72
6.67	-1835	995	-417	13980.17
6.68	-1679	1119	-277	14307.97
6.69	-1521	1245	-134	14638.09
6.7	-1358	1374	12	14970.56
6.71	-1189	1506	162	15305.36
6.72	-1017	1640	315	15642.5
6.73	-843	1776	471	15981.97
6.74	-664	1918	631	16323.78
6.75	-481	2062	794	16667.93
6.76	-295	2209	961	17014.41
6.77	-105	2359	1131	17363.22
6.78	91	2512	1305	17714.38
6.79	289	2669	1482	18067.87
6.8	492	2828	1663	18423.69
6.81	698	2988	1847	18781.86
6.82	906	3153	2035	19142.35
6.83	1119	3325	2226	19505.19
6.84	1336	3498	2421	19870.36
6.85	1558	3676	2620	20237.86
6.86	1785	3853	2822	20607.71
6.87	2014	4036	3028	20979.88
6.88	2247	4222	3238	21354.4
6.89	2486	4410	3452	21731.25
6.9	2729	4601	3669	22110.44
6.91	2976	4796	3890	22491.96
6.92	3229	4997	4115	22875.82
6.93	3484	5195	4344	23262.01
6.94	3744	5401	4576	23650.54
6.95	4011	5609	4813	24041.41
6.96	4279	5820	5053	24434.62
6.97	4553	6036	5298	24830.15
6.98	4833	6256	5546	25228.03
6.99	5113	6476	5798	25628.24
7	5402	6703	6054	26030.79
7.01	5695	6933	6315	26435.67
7.02	5988	7167	6579	26842.89
7.03	6288	7405	6848	27252.45
7.04	6590	7649	7120	27664.34
7.05	6898	7895	7397	27601.54
7.06	7206	8141	7673	27062.5
7.07	7507	8382	7943	26523.46
7.08	7801	8618	8209	25984.42
7.09	8089	8852	8468	25445.37
7.1	8371	9081	8723	24906.33
7.11	8645	9302	8972	24367.29
7.12	8913	9524	9216	23828.25
7.13	9174	9740	9454	23289.2
7.14	9428	9952	9687	22750.16
7.15	9673	10160	9914	22211.12
7.16	9912	10364	10136	21672.08
7.17	10141	10564	10353	21133.03
7.18	10363	10763	10564	20593.99
7.19	10580	10960	10770	20054.95
7.2	10788	11155	10971	19515.9
7.21	10987	11345	11166	18976.86
7.22	11180	11534	11356	18437.82
7.23	11362	11718	11540	17898.78
7.24	11537	11899	11719	17359.73
7.25	11707	12077	11893	16575.49
7.26	11868	12248	12059	15564.91
7.27	12017	12409	12214	14582.62
7.28	12156	12561	12360	13628.62
7.29	12285	12704	12496	12702.92
7.3	12405	12837	12623	11805.51
7.31	12518	12961	12741	10936.39
7.32	12621	13075	12851	NA
