depth	min68.2%	max68.2%	best	accrate
3.58	4989	5772	5379	1456.93
3.59	5009	5783	5393	1456.93
3.6	5029	5793	5408	1456.93
3.61	5048	5803	5423	1456.93
3.62	5067	5813	5437	1456.93
3.63	5087	5823	5452	1456.93
3.64	5105	5832	5466	1456.93
3.65	5126	5842	5481	1456.93
3.66	5145	5851	5495	1456.93
3.67	5164	5862	5510	1456.93
3.68	5181	5873	5524	1456.93
3.69	5200	5885	5539	1456.93
3.7	5218	5895	5554	1456.93
3.71	5237	5907	5568	1456.93
3.72	5255	5917	5583	1456.93
3.73	5273	5930	5597	1456.93
3.74	5293	5942	5612	1456.93
3.75	5311	5953	5626	1456.93
3.76	5329	5965	5641	1456.93
3.77	5348	5975	5656	1456.93
3.78	5363	5987	5670	1456.93
3.79	5381	5999	5685	1456.93
3.8	5399	6011	5699	1456.93
3.81	5413	6022	5714	1456.93
3.82	5431	6033	5728	1456.93
3.83	5448	6045	5743	1456.93
3.84	5466	6058	5758	1456.93
3.85	5483	6071	5772	1456.93
3.86	5499	6083	5787	1456.93
3.87	5515	6097	5801	1456.93
3.88	5531	6109	5816	1456.93
3.89	5546	6121	5830	1456.93
3.9	5560	6135	5845	1456.93
3.91	5573	6149	5860	1456.93
3.92	5589	6164	5874	1456.93
3.93	5604	6178	5889	1456.93
3.94	5619	6193	5903	1456.93
3.95	5636	6207	5918	1456.93
3.96	5649	6222	5932	1456.93
3.97	5665	6235	5947	1456.93
3.98	5679	6250	5962	1456.93
3.99	5693	6265	5976	1456.93
4	5706	6280	5991	1456.93
4.01	5721	6293	6005	1456.93
4.02	5733	6308	6020	1456.93
4.03	5747	6323	6034	1456.93
4.04	5759	6339	6049	1456.93
4.05	5773	6355	6064	1456.93
4.06	5787	6370	6078	1456.93
4.07	5798	6386	6093	1456.93
4.08	5811	6404	6107	1456.93
4.09	5823	6419	6122	1456.93
4.1	5836	6436	6136	1456.93
4.11	5847	6452	6151	1456.93
4.12	5861	6470	6166	1456.93
4.13	5872	6486	6180	1456.93
4.14	5884	6505	6195	1456.93
4.15	5895	6521	6209	1456.93
4.16	5907	6540	6224	1456.93
4.17	5920	6558	6238	1456.93
4.18	5932	6575	6253	1456.93
4.19	5942	6591	6268	1456.93
4.2	5953	6610	6282	1456.93
4.21	5965	6629	6297	1456.93
4.22	5977	6646	6311	1456.93
4.23	5988	6664	6326	1456.93
4.24	5998	6681	6340	1456.93
4.25	6008	6698	6355	1456.93
4.26	6019	6718	6370	1456.93
4.27	6030	6736	6384	1456.93
4.28	6041	6755	6399	1456.93
4.29	6051	6775	6413	1456.93
4.3	6060	6795	6428	1456.93
4.31	6071	6813	6442	1456.93
4.32	6081	6831	6457	1456.93
4.33	6091	6849	6471	1456.93
4.34	6102	6868	6486	1456.93
4.35	6111	6887	6501	1861.72
4.36	6131	6905	6519	1861.72
4.37	6151	6923	6538	1861.72
4.38	6171	6939	6556	1861.72
4.39	6191	6956	6575	1861.72
4.4	6211	6974	6594	1861.72
4.41	6231	6991	6612	1861.72
4.42	6251	7009	6631	1861.72
4.43	6270	7026	6650	1861.72
4.44	6290	7043	6668	1861.72
4.45	6310	7060	6687	1861.72
4.46	6330	7077	6705	1861.72
4.47	6350	7094	6724	1861.72
4.48	6370	7112	6743	1861.72
4.49	6389	7128	6761	1861.72
4.5	6409	7146	6780	1861.72
4.51	6429	7163	6799	1861.72
4.52	6449	7180	6817	1861.72
4.53	6469	7198	6836	1861.72
4.54	6489	7215	6854	1861.72
4.55	6509	7232	6873	1861.72
4.56	6529	7249	6892	1861.72
4.57	6548	7266	6910	1861.72
4.58	6569	7284	6929	1861.72
4.59	6588	7301	6947	1861.72
4.6	6608	7318	6966	1861.72
4.61	6628	7335	6985	1861.72
4.62	6649	7352	7003	1861.72
4.63	6669	7369	7022	1861.72
4.64	6689	7385	7041	1861.72
4.65	6708	7403	7059	1861.72
4.66	6728	7420	7078	1861.72
4.67	6748	7438	7096	1861.72
4.68	6768	7455	7115	1861.72
4.69	6788	7473	7134	1861.72
4.7	6808	7490	7152	1861.72
4.71	6829	7508	7171	1861.72
4.72	6848	7525	7189	1861.72
4.73	6868	7542	7208	1861.72
4.74	6888	7559	7227	1861.72
4.75	6907	7576	7245	1861.72
4.76	6927	7594	7264	1861.72
4.77	6948	7611	7283	1861.72
4.78	6968	7628	7301	1861.72
4.79	6988	7646	7320	1861.72
4.8	7008	7663	7338	1861.72
4.81	7027	7680	7357	1861.72
4.82	7047	7698	7376	1861.72
4.83	7067	7715	7394	1861.72
4.84	7087	7733	7413	1861.72
4.85	7107	7751	7431	1861.72
4.86	7126	7768	7450	1861.72
4.87	7146	7786	7469	1861.72
4.88	7167	7804	7487	1861.72
4.89	7187	7821	7506	1861.72
4.9	7207	7838	7525	1861.72
4.91	7227	7855	7543	1861.72
4.92	7247	7873	7562	1861.72
4.93	7267	7890	7580	1861.72
4.94	7287	7908	7599	1861.72
4.95	7307	7925	7618	1861.72
4.96	7327	7942	7636	1861.72
4.97	7346	7960	7655	1861.72
4.98	7366	7978	7674	1861.72
4.99	7386	7996	7692	1861.72
5	7406	8013	7711	1861.72
5.01	7426	8030	7729	1861.72
5.02	7446	8047	7748	1861.72
5.03	7466	8064	7767	1861.72
5.04	7486	8082	7785	1861.72
5.05	7506	8100	7804	1861.72
5.06	7525	8117	7822	1861.72
5.07	7545	8135	7841	1861.72
5.08	7565	8152	7860	1861.72
5.09	7585	8170	7878	1861.72
5.1	7605	8187	7897	1861.72
5.11	7624	8205	7916	1861.72
5.12	7644	8222	7934	1861.72
5.13	7664	8240	7953	1861.72
5.14	7684	8258	7971	1861.72
5.15	7703	8275	7990	1861.72
5.16	7722	8292	8009	1861.72
5.17	7742	8309	8027	1861.72
5.18	7762	8327	8046	1861.72
5.19	7782	8344	8064	1861.72
5.2	7802	8361	8083	1861.72
5.21	7822	8378	8102	1861.72
5.22	7842	8396	8120	1861.72
5.23	7862	8414	8139	1861.72
5.24	7882	8431	8158	1861.72
5.25	7902	8449	8176	1861.72
5.26	7921	8466	8195	1861.72
5.27	7941	8484	8213	1861.72
5.28	7960	8501	8232	1861.72
5.29	7980	8518	8251	1861.72
5.3	8000	8536	8269	1861.72
5.31	8019	8553	8288	1861.72
5.32	8039	8571	8306	1861.72
5.33	8060	8588	8325	1861.72
5.34	8080	8606	8344	1861.72
5.35	8100	8623	8362	1861.72
5.36	8120	8641	8381	1861.72
5.37	8139	8658	8400	1861.72
5.38	8160	8676	8418	1861.72
5.39	8179	8694	8437	1861.72
5.4	8199	8712	8455	1861.72
5.41	8219	8730	8474	1861.72
5.42	8239	8747	8493	1861.72
5.43	8259	8764	8511	1861.72
5.44	8278	8782	8530	1861.72
5.45	8297	8800	8549	1861.72
5.46	8317	8817	8567	1861.72
5.47	8338	8834	8586	1861.72
5.48	8357	8852	8604	1861.72
5.49	8377	8869	8623	1861.72
5.5	8396	8886	8642	1861.72
5.51	8416	8904	8660	1861.72
5.52	8435	8922	8679	1861.72
5.53	8455	8939	8697	1861.72
5.54	8474	8957	8716	1861.72
5.55	8493	8974	8735	1861.72
5.56	8513	8991	8753	1861.72
5.57	8532	9008	8772	1861.72
5.58	8551	9026	8791	1861.72
5.59	8571	9044	8809	1861.72
5.6	8590	9061	8828	1861.72
5.61	8610	9078	8846	1861.72
5.62	8630	9096	8865	1861.72
5.63	8649	9114	8884	1861.72
5.64	8669	9131	8902	1861.72
5.65	8688	9150	8921	1861.72
5.66	8708	9167	8939	1861.72
5.67	8728	9184	8958	1861.72
5.68	8748	9202	8977	1861.72
5.69	8768	9219	8995	1861.72
5.7	8788	9236	9014	1861.72
5.71	8807	9254	9033	1861.72
5.72	8827	9272	9051	1861.72
5.73	8847	9290	9070	1861.72
5.74	8867	9307	9088	1861.72
5.75	8886	9325	9107	1861.72
5.76	8906	9342	9126	1861.72
5.77	8925	9360	9144	1861.72
5.78	8945	9378	9163	1861.72
5.79	8965	9395	9181	1861.72
5.8	8985	9414	9200	1861.72
5.81	9004	9431	9219	1861.72
5.82	9024	9449	9237	1861.72
5.83	9043	9467	9256	1861.72
5.84	9063	9485	9275	1861.72
5.85	9082	9503	9293	1861.72
5.86	9102	9521	9312	1861.72
5.87	9121	9539	9330	1861.72
5.88	9141	9557	9349	1861.72
5.89	9161	9574	9368	1861.72
5.9	9181	9592	9386	1861.72
5.91	9200	9609	9405	1861.72
5.92	9219	9627	9424	1861.72
5.93	9239	9645	9442	1861.72
5.94	9258	9663	9461	1861.72
5.95	9278	9681	9479	1861.72
5.96	9297	9699	9498	1861.72
5.97	9316	9717	9517	1861.72
5.98	9335	9734	9535	1861.72
5.99	9355	9753	9554	1861.72
6	9374	9771	9572	1861.72
6.01	9394	9789	9591	1861.72
6.02	9414	9807	9610	1861.72
6.03	9434	9824	9628	1861.72
6.04	9454	9842	9647	1861.72
6.05	9474	9859	9666	1861.72
6.06	9494	9877	9684	1861.72
6.07	9513	9894	9703	1861.72
6.08	9532	9912	9721	1861.72
6.09	9551	9930	9740	1861.72
6.1	9571	9948	9759	1861.72
6.11	9590	9966	9777	1861.72
6.12	9609	9985	9796	1861.72
6.13	9629	10003	9814	1861.72
6.14	9648	10021	9833	1861.72
6.15	9667	10039	9852	1861.72
6.16	9686	10057	9870	1861.72
6.17	9705	10075	9889	1861.72
6.18	9725	10092	9908	1861.72
6.19	9744	10111	9926	1861.72
6.2	9764	10129	9945	1861.72
6.21	9783	10147	9963	1861.72
6.22	9803	10165	9982	1861.72
6.23	9822	10183	10001	1861.72
6.24	9841	10201	10019	1861.72
6.25	9861	10219	10038	1861.72
6.26	9880	10237	10057	1861.72
6.27	9899	10254	10075	1861.72
6.28	9918	10273	10094	1861.72
6.29	9937	10291	10112	1861.72
6.3	9956	10309	10131	1861.72
6.31	9975	10327	10150	1861.72
6.32	9994	10345	10168	1861.72
6.33	10013	10363	10187	1861.72
6.34	10032	10382	10205	1861.72
6.35	10051	10400	10224	1861.72
6.36	10070	10418	10243	1861.72
6.37	10090	10437	10261	1861.72
6.38	10108	10456	10280	1861.72
6.39	10127	10474	10299	1861.72
6.4	10146	10493	10317	1861.72
6.41	10166	10511	10336	1861.72
6.42	10184	10529	10354	1861.72
6.43	10203	10548	10373	1861.72
6.44	10222	10566	10392	1861.72
6.45	10241	10584	10410	1861.72
6.46	10260	10602	10429	1861.72
6.47	10279	10620	10447	1861.72
6.48	10298	10639	10466	1861.72
6.49	10317	10657	10485	1861.72
6.5	10336	10675	10503	1861.72
6.51	10355	10694	10522	1861.72
6.52	10374	10712	10541	1861.72
6.53	10392	10731	10559	1861.72
6.54	10411	10749	10578	1861.72
6.55	10430	10768	10596	1861.72
6.56	10448	10787	10615	1861.72
6.57	10468	10806	10634	1861.72
6.58	10486	10824	10652	1861.72
6.59	10504	10842	10671	1861.72
6.6	10523	10861	10689	1861.72
6.61	10542	10879	10708	1861.72
6.62	10561	10897	10727	1861.72
6.63	10579	10915	10745	1861.72
6.64	10597	10934	10764	1861.72
6.65	10616	10953	10783	1861.72
6.66	10635	10971	10801	1861.72
6.67	10653	10989	10820	1861.72
6.68	10671	11008	10838	1861.72
6.69	10690	11027	10857	1861.72
6.7	10708	11046	10876	1861.72
6.71	10726	11064	10894	1861.72
6.72	10744	11083	10913	1861.72
6.73	10763	11101	10932	1861.72
6.74	10782	11120	10950	1861.72
6.75	10801	11140	10969	1861.72
6.76	10820	11157	10987	1861.72
6.77	10838	11176	11006	1861.72
6.78	10857	11195	11025	1861.72
6.79	10876	11214	11043	1861.72
6.8	10894	11232	11062	1861.72
6.81	10912	11251	11080	1861.72
6.82	10931	11270	11099	1861.72
6.83	10949	11288	11118	1861.72
6.84	10967	11306	11136	1861.72
6.85	10986	11325	11155	1861.72
6.86	11004	11343	11174	1861.72
6.87	11023	11362	11192	1861.72
6.88	11041	11381	11211	1861.72
6.89	11060	11400	11229	1861.72
6.9	11078	11418	11248	1861.72
6.91	11097	11437	11267	1861.72
6.92	11115	11456	11285	1861.72
6.93	11134	11474	11304	1861.72
6.94	11152	11493	11322	1861.72
6.95	11170	11512	11341	1861.72
6.96	11189	11531	11360	1861.72
6.97	11206	11550	11378	1861.72
6.98	11224	11570	11397	1861.72
6.99	11242	11588	11416	1861.72
7	11261	11608	11434	1861.72
7.01	11279	11626	11453	1861.72
7.02	11297	11645	11471	1861.72
7.03	11315	11664	11490	1861.72
7.04	11333	11683	11509	1861.72
7.05	11351	11703	11527	2048
7.05	11351	11703	11527	1861.72
7.06	11369	11722	11546	1861.72
7.07	11387	11740	11564	1861.72
7.08	11405	11760	11583	1861.72
7.09	11424	11778	11602	1861.72
7.1	11442	11798	11620	1861.72
7.11	11460	11816	11639	1861.72
7.12	11478	11836	11658	1861.72
7.13	11496	11855	11676	1861.72
7.14	11514	11875	11695	1861.72
7.15	11531	11894	11713	1861.72
7.16	11549	11913	11732	1861.72
7.17	11567	11932	11751	1861.72
7.18	11585	11951	11769	1861.72
7.19	11603	11971	11788	1861.72
7.2	11621	11990	11807	1861.72
7.21	11639	12009	11825	1861.72
7.22	11657	12029	11844	1861.72
7.23	11675	12048	11862	1861.72
7.24	11693	12067	11881	1861.72
7.25	11711	12086	11900	15099.57
7.26	11890	12211	12051	15099.57
7.27	12066	12338	12202	15099.57
7.28	12239	12466	12353	15099.57
7.29	12408	12599	12504	15099.57
7.3	12571	12737	12655	15099.57
7.31	12728	12885	12806	15099.57
7.32	12873	13042	12957	NA
