depth	min68.2%	max68.2%	best	accrate
3.58	4973	5725	5351	1906.92
3.59	4999	5737	5370	1892.2
3.6	5025	5749	5389	1877.71
3.61	5048	5762	5408	1863.45
3.62	5072	5774	5427	1849.42
3.63	5097	5787	5445	1835.62
3.64	5118	5802	5464	1822.05
3.65	5140	5817	5482	1808.7
3.66	5163	5832	5500	1795.58
3.67	5186	5845	5518	1782.69
3.68	5205	5860	5536	1770.01
3.69	5226	5874	5553	1757.56
3.7	5246	5889	5571	1745.33
3.71	5268	5904	5588	1733.31
3.72	5287	5918	5606	1721.52
3.73	5306	5932	5623	1709.94
3.74	5326	5948	5640	1698.57
3.75	5345	5964	5657	1687.42
3.76	5362	5980	5674	1676.48
3.77	5378	5997	5691	1665.76
3.78	5395	6012	5707	1655.24
3.79	5413	6027	5724	1644.94
3.8	5428	6044	5740	1634.84
3.81	5447	6060	5757	1624.95
3.82	5462	6076	5773	1615.27
3.83	5480	6092	5789	1605.78
3.84	5496	6110	5805	1596.51
3.85	5513	6126	5821	1587.43
3.86	5530	6143	5837	1578.56
3.87	5546	6160	5853	1569.88
3.88	5560	6175	5868	1561.41
3.89	5574	6192	5884	1553.13
3.9	5589	6210	5900	1545.05
3.91	5604	6227	5915	1537.16
3.92	5618	6242	5930	1529.46
3.93	5634	6260	5946	1521.96
3.94	5649	6277	5961	1514.65
3.95	5662	6293	5976	1507.53
3.96	5676	6309	5991	1500.6
3.97	5689	6324	6006	1493.85
3.98	5704	6343	6021	1487.29
3.99	5718	6359	6036	1480.92
4	5732	6375	6051	1474.73
4.01	5746	6392	6065	1468.72
4.02	5760	6406	6080	1462.9
4.03	5773	6422	6095	1457.25
4.04	5786	6439	6109	1451.79
4.05	5800	6456	6124	1446.5
4.06	5815	6472	6138	1441.39
4.07	5828	6487	6153	1436.45
4.08	5842	6503	6167	1431.69
4.09	5855	6519	6181	1427.1
4.1	5869	6536	6196	1422.69
4.11	5883	6552	6210	1418.44
4.12	5896	6568	6224	1414.36
4.13	5909	6584	6238	1410.46
4.14	5922	6600	6252	1406.71
4.15	5934	6615	6266	1403.14
4.16	5946	6631	6280	1399.73
4.17	5959	6646	6294	1396.48
4.18	5970	6662	6308	1393.39
4.19	5983	6678	6322	1390.47
4.2	5995	6694	6336	1387.71
4.21	6008	6709	6350	1385.1
4.22	6019	6725	6364	1382.65
4.23	6031	6741	6378	1380.36
4.24	6045	6757	6392	1378.22
4.25	6057	6770	6405	1376.24
4.26	6069	6786	6419	1374.4
4.27	6081	6801	6433	1372.72
4.28	6093	6815	6447	1371.19
4.29	6104	6831	6460	1369.81
4.3	6116	6846	6474	1368.58
4.31	6129	6861	6488	1367.49
4.32	6142	6875	6501	1366.55
4.33	6155	6890	6515	1365.75
4.34	6166	6904	6529	1365.1
4.35	6179	6921	6542	1364.58
4.36	6191	6936	6556	1364.21
4.37	6203	6950	6570	1363.98
4.38	6215	6964	6583	1363.88
4.39	6227	6980	6597	1363.92
4.4	6239	6995	6611	1364.1
4.41	6251	7010	6624	1364.41
4.42	6264	7025	6638	1364.85
4.43	6277	7040	6652	1365.43
4.44	6289	7054	6665	1366.13
4.45	6301	7069	6679	1366.97
4.46	6312	7084	6693	1367.94
4.47	6324	7099	6706	1369.03
4.48	6337	7113	6720	1370.24
4.49	6349	7129	6734	1371.59
4.5	6360	7145	6747	1373.05
4.51	6371	7160	6761	1374.64
4.52	6384	7174	6775	1376.35
4.53	6395	7189	6789	1378.18
4.54	6406	7207	6802	1380.13
4.55	6420	7221	6816	1382.19
4.56	6431	7238	6830	1384.37
4.57	6444	7252	6844	1386.67
4.58	6457	7267	6858	1389.08
4.59	6470	7284	6872	1391.6
4.6	6483	7299	6885	1394.24
4.61	6496	7314	6899	1396.98
4.62	6509	7329	6913	1399.83
4.63	6521	7344	6927	1402.79
4.64	6535	7358	6941	1405.86
4.65	6548	7375	6955	1409.04
4.66	6562	7392	6970	1412.31
4.67	6576	7408	6984	1415.69
4.68	6589	7424	6998	1419.17
4.69	6602	7439	7012	1422.76
4.7	6615	7455	7026	1426.44
4.71	6628	7471	7041	1430.22
4.72	6642	7486	7055	1434.1
4.73	6656	7501	7069	1438.07
4.74	6671	7516	7084	1442.13
4.75	6683	7533	7098	1446.29
4.76	6695	7549	7112	1450.55
4.77	6705	7563	7127	1454.89
4.78	6719	7581	7141	1459.32
4.79	6731	7596	7156	1463.84
4.8	6744	7612	7171	1468.45
4.81	6754	7627	7185	1473.15
4.82	6768	7643	7200	1477.93
4.83	6783	7661	7215	1482.79
4.84	6798	7676	7230	1487.73
4.85	6811	7692	7245	1492.76
4.86	6824	7707	7260	1497.87
4.87	6838	7723	7275	1503.05
4.88	6852	7738	7290	1508.31
4.89	6867	7756	7305	1513.65
4.9	6881	7770	7320	1519.07
4.91	6896	7788	7335	1524.56
4.92	6910	7804	7350	1530.12
4.93	6925	7821	7366	1535.75
4.94	6941	7837	7381	1541.45
4.95	6953	7854	7396	1547.22
4.96	6967	7872	7412	1553.06
4.97	6982	7891	7427	1558.97
4.98	6997	7907	7443	1564.94
4.99	7011	7924	7459	1570.98
5	7025	7941	7474	1577.08
5.01	7038	7958	7490	1583.24
5.02	7052	7973	7506	1589.46
5.03	7066	7990	7522	1595.74
5.04	7080	8006	7538	1602.08
5.05	7095	8022	7554	1608.48
5.06	7109	8039	7570	1614.93
5.07	7123	8054	7586	1621.43
5.08	7138	8071	7602	1627.99
5.09	7153	8088	7618	1634.61
5.1	7170	8107	7635	1641.27
5.11	7185	8124	7651	1647.98
5.12	7201	8141	7668	1654.74
5.13	7215	8159	7684	1661.55
5.14	7231	8177	7701	1668.41
5.15	7246	8194	7718	1675.31
5.16	7261	8212	7734	1682.25
5.17	7276	8229	7751	1689.24
5.18	7291	8247	7768	1696.27
5.19	7305	8264	7785	1703.33
5.2	7320	8281	7802	1710.44
5.21	7337	8299	7819	1717.58
5.22	7354	8318	7836	1724.76
5.23	7371	8337	7854	1731.98
5.24	7385	8354	7871	1739.23
5.25	7400	8373	7888	1746.51
5.26	7414	8392	7906	1753.83
5.27	7430	8410	7923	1761.17
5.28	7445	8428	7941	1768.55
5.29	7463	8447	7959	1775.95
5.3	7480	8466	7976	1783.38
5.31	7496	8485	7994	1790.83
5.32	7511	8503	8012	1798.31
5.33	7527	8522	8030	1805.81
5.34	7544	8540	8048	1813.33
5.35	7560	8559	8066	1820.88
5.36	7576	8578	8084	1828.44
5.37	7593	8597	8103	1836.03
5.38	7610	8617	8121	1843.63
5.39	7629	8637	8139	1851.24
5.4	7647	8657	8158	1858.87
5.41	7665	8676	8177	1866.51
5.42	7682	8696	8195	1874.17
5.43	7700	8717	8214	1881.84
5.44	7716	8736	8233	1889.51
5.45	7735	8754	8252	1897.2
5.46	7753	8774	8271	1904.89
5.47	7771	8792	8290	1912.59
5.48	7789	8811	8309	1920.3
5.49	7807	8831	8328	1928.01
5.5	7824	8851	8347	1935.72
5.51	7844	8871	8367	1943.43
5.52	7863	8891	8386	1951.14
5.53	7883	8912	8406	1958.85
5.54	7902	8931	8425	1966.56
5.55	7919	8951	8445	1974.27
5.56	7938	8971	8465	1981.97
5.57	7956	8989	8484	1989.66
5.58	7975	9010	8504	1997.35
5.59	7995	9029	8524	2005.03
5.6	8015	9050	8544	2012.7
5.61	8033	9071	8565	2020.36
5.62	8054	9092	8585	2028.01
5.63	8075	9112	8605	2035.64
5.64	8094	9133	8625	2043.27
5.65	8113	9153	8646	2050.87
5.66	8132	9175	8666	2058.46
5.67	8152	9196	8687	2066.03
5.68	8173	9218	8708	2073.58
5.69	8194	9238	8728	2081.11
5.7	8214	9260	8749	2088.62
5.71	8234	9282	8770	2096.11
5.72	8255	9304	8791	2103.57
5.73	8277	9324	8812	2111.01
5.74	8299	9345	8833	2118.42
5.75	8320	9366	8854	2125.8
5.76	8341	9387	8876	2133.16
5.77	8361	9407	8897	2140.48
5.78	8381	9429	8918	2147.77
5.79	8403	9450	8940	2155.04
5.8	8425	9471	8961	2162.26
5.81	8447	9494	8983	2169.46
5.82	8468	9515	9005	2176.61
5.83	8490	9536	9026	2183.73
5.84	8513	9555	9048	2190.81
5.85	8535	9576	9070	2197.85
5.86	8557	9598	9092	2204.85
5.87	8580	9620	9114	2211.81
5.88	8602	9641	9136	2218.73
5.89	8624	9663	9158	2225.6
5.9	8646	9685	9181	2232.42
5.91	8668	9708	9203	2239.2
5.92	8690	9729	9225	2245.93
5.93	8713	9751	9248	2252.61
5.94	8737	9773	9270	2259.24
5.95	8760	9795	9293	2265.81
5.96	8784	9817	9316	2272.34
5.97	8809	9840	9338	2278.81
5.98	8832	9862	9361	2285.22
5.99	8855	9884	9384	2291.58
6	8879	9904	9407	2297.88
6.01	8903	9927	9430	2304.13
6.02	8928	9948	9453	2310.31
6.03	8953	9971	9476	2316.43
6.04	8977	9993	9499	2322.48
6.05	9001	10015	9522	2328.48
6.06	9024	10037	9546	2334.41
6.07	9048	10059	9569	2340.27
6.08	9072	10082	9592	2346.06
6.09	9096	10105	9616	2351.79
6.1	9120	10128	9639	2357.45
6.11	9145	10151	9663	2363.03
6.12	9172	10172	9687	2368.54
6.13	9197	10195	9710	2373.98
6.14	9221	10217	9734	2379.35
6.15	9247	10239	9758	2384.64
6.16	9273	10261	9782	2389.85
6.17	9298	10285	9806	2394.98
6.18	9323	10308	9830	2400.03
6.19	9348	10330	9854	2405.01
6.2	9374	10352	9878	2409.9
6.21	9401	10375	9902	2414.7
6.22	9426	10398	9926	2419.43
6.23	9452	10420	9950	2424.06
6.24	9478	10443	9974	2428.61
6.25	9504	10465	9999	2433.08
6.26	9532	10488	10023	2437.45
6.27	9558	10512	10047	2441.73
6.28	9584	10535	10072	2445.92
6.29	9610	10558	10096	2450.02
6.3	9636	10581	10121	2454.03
6.31	9662	10604	10145	2457.94
6.32	9688	10626	10170	2461.75
6.33	9714	10649	10194	2465.46
6.34	9741	10670	10219	2469.08
6.35	9768	10693	10244	2472.6
6.36	9794	10714	10268	2476.01
6.37	9821	10736	10293	2479.32
6.38	9848	10759	10318	2482.53
6.39	9874	10782	10343	2485.63
6.4	9901	10804	10368	2488.63
6.41	9929	10827	10393	2491.52
6.42	9957	10850	10418	2494.3
6.43	9984	10871	10442	2496.97
6.44	10011	10894	10467	2499.53
6.45	10038	10917	10492	2501.98
6.46	10065	10940	10517	2504.31
6.47	10093	10963	10542	2506.53
6.48	10120	10985	10568	2508.64
6.49	10148	11009	10593	2510.63
6.5	10177	11031	10618	2512.5
6.51	10205	11053	10643	2514.24
6.52	10231	11076	10668	2515.87
6.53	10260	11098	10693	2517.38
6.54	10288	11121	10718	2518.76
6.55	10317	11145	10744	2520.02
6.56	10344	11166	10769	2521.16
6.57	10373	11190	10794	2522.17
6.58	10402	11212	10819	2523.04
6.59	10431	11235	10844	2523.8
6.6	10460	11258	10870	2524.42
6.61	10488	11281	10895	2524.9
6.62	10516	11304	10920	2525.26
6.63	10544	11327	10945	2525.48
6.64	10573	11349	10971	2525.57
6.65	10601	11371	10996	2525.52
6.66	10630	11393	11021	2525.33
6.67	10658	11416	11046	2525
6.68	10686	11438	11072	2524.54
6.69	10715	11459	11097	2523.93
6.7	10744	11480	11122	2523.18
6.71	10773	11503	11147	2522.29
6.72	10802	11525	11173	2521.25
6.73	10831	11547	11198	2520.06
6.74	10859	11569	11223	2518.73
6.75	10888	11591	11248	2517.25
6.76	10917	11612	11273	2515.62
6.77	10946	11634	11299	2513.84
6.78	10975	11655	11324	2511.91
6.79	11004	11676	11349	2509.82
6.8	11032	11698	11374	2507.58
6.81	11060	11720	11399	2505.19
6.82	11089	11741	11424	2502.63
6.83	11118	11763	11449	2499.92
6.84	11148	11785	11474	2497.05
6.85	11178	11807	11499	2494.02
6.86	11207	11829	11524	2490.83
6.87	11235	11850	11549	2487.47
6.88	11264	11872	11574	2483.95
6.89	11293	11893	11599	2480.26
6.9	11321	11914	11623	2476.41
6.91	11350	11935	11648	2472.39
6.92	11378	11956	11673	2468.2
6.93	11407	11977	11698	2463.84
6.94	11435	11998	11722	2459.31
6.95	11464	12018	11747	2454.61
6.96	11493	12040	11771	2449.73
6.97	11521	12061	11796	2444.68
6.98	11550	12082	11820	2439.45
6.99	11579	12103	11845	2434.05
7	11608	12124	11869	2428.46
7.01	11637	12144	11893	2422.7
7.02	11666	12165	11917	2416.75
7.03	11693	12186	11942	2410.62
7.04	11721	12207	11966	2404.31
7.05	11749	12227	11990	2048
7.05	11749	12227	11990	2397.82
7.06	11777	12247	12014	2391.14
7.07	11805	12267	12038	2384.27
7.08	11833	12287	12062	2377.21
7.09	11861	12307	12085	2369.96
7.1	11888	12328	12109	2362.52
7.11	11915	12347	12133	2354.89
7.12	11943	12367	12156	2347.07
7.13	11971	12388	12180	2339.05
7.14	11998	12407	12203	2330.84
7.15	12025	12426	12226	2322.43
7.16	12052	12446	12250	2313.82
7.17	12079	12466	12273	2305.01
7.18	12107	12485	12296	2296.01
7.19	12135	12504	12319	2286.8
7.2	12161	12524	12342	2277.39
7.21	12187	12543	12364	2267.77
7.22	12213	12562	12387	2257.95
7.23	12239	12581	12410	2247.92
7.24	12266	12599	12432	2237.68
7.25	12291	12618	12454	2227.24
7.26	12317	12637	12477	2216.59
7.27	12343	12655	12499	2205.72
7.28	12368	12673	12521	2194.64
7.29	12393	12692	12543	2183.35
7.3	12419	12710	12565	2171.84
7.31	12443	12728	12586	2160.12
7.32	12468	12746	12608	NA
