depth	min68.2%	max68.2%	best	accrate
3.58	5142	5680	5415	1737.42
3.59	5159	5697	5433	1737.42
3.6	5177	5713	5450	1737.42
3.61	5195	5731	5467	1737.42
3.62	5212	5748	5485	1737.42
3.63	5230	5765	5502	1737.42
3.64	5248	5781	5519	1737.42
3.65	5265	5799	5537	1737.42
3.66	5283	5816	5554	1737.42
3.67	5301	5833	5572	1737.42
3.68	5319	5850	5589	1737.42
3.69	5336	5867	5606	1737.42
3.7	5354	5883	5624	1737.42
3.71	5372	5901	5641	1737.42
3.72	5390	5917	5658	1737.42
3.73	5408	5934	5676	1737.42
3.74	5425	5951	5693	1737.42
3.75	5443	5968	5711	1737.42
3.76	5461	5985	5728	1737.42
3.77	5478	6002	5745	1737.42
3.78	5496	6019	5763	1737.42
3.79	5514	6036	5780	1737.42
3.8	5531	6053	5797	1737.42
3.81	5549	6070	5815	1737.42
3.82	5567	6087	5832	1737.42
3.83	5584	6104	5850	1737.42
3.84	5602	6121	5867	1737.42
3.85	5620	6138	5884	1737.42
3.86	5638	6155	5902	1737.42
3.87	5656	6172	5919	1737.42
3.88	5674	6189	5936	1737.42
3.89	5692	6206	5954	1737.42
3.9	5709	6222	5971	1737.42
3.91	5727	6239	5989	1737.42
3.92	5745	6256	6006	1737.42
3.93	5763	6273	6023	1737.42
3.94	5781	6290	6041	1737.42
3.95	5798	6307	6058	1737.42
3.96	5816	6324	6075	1737.42
3.97	5834	6341	6093	1737.42
3.98	5852	6358	6110	1737.42
3.99	5870	6375	6128	1737.42
4	5888	6392	6145	1737.42
4.01	5906	6409	6162	1737.42
4.02	5923	6426	6180	1737.42
4.03	5941	6443	6197	1737.42
4.04	5959	6460	6214	1737.42
4.05	5977	6477	6232	1737.42
4.06	5995	6494	6249	1737.42
4.07	6013	6511	6267	1737.42
4.08	6031	6528	6284	1737.42
4.09	6049	6545	6301	1737.42
4.1	6066	6562	6319	1737.42
4.11	6084	6579	6336	1737.42
4.12	6101	6596	6353	1737.42
4.13	6119	6613	6371	1737.42
4.14	6137	6630	6388	1737.42
4.15	6155	6647	6406	1737.42
4.16	6173	6664	6423	1737.42
4.17	6191	6681	6440	1737.42
4.18	6208	6698	6458	1737.42
4.19	6226	6715	6475	1737.42
4.2	6244	6733	6492	1737.42
4.21	6261	6750	6510	1737.42
4.22	6279	6767	6527	1737.42
4.23	6296	6784	6545	1737.42
4.24	6314	6801	6562	1737.42
4.25	6332	6818	6579	1737.42
4.26	6349	6835	6597	1737.42
4.27	6367	6852	6614	1737.42
4.28	6385	6869	6631	1737.42
4.29	6403	6886	6649	1737.42
4.3	6421	6902	6666	1737.42
4.31	6438	6920	6684	1737.42
4.32	6456	6937	6701	1737.42
4.33	6474	6953	6718	1737.42
4.34	6491	6970	6736	1737.42
4.35	6509	6987	6753	1737.42
4.36	6527	7004	6770	1737.42
4.37	6544	7022	6788	1737.42
4.38	6562	7038	6805	1737.42
4.39	6580	7055	6823	1737.42
4.4	6598	7073	6840	1737.42
4.41	6615	7090	6857	1737.42
4.42	6633	7107	6875	1737.42
4.43	6651	7124	6892	1737.42
4.44	6669	7141	6909	1737.42
4.45	6687	7158	6927	1737.42
4.46	6705	7175	6944	1737.42
4.47	6722	7192	6962	1737.42
4.48	6740	7209	6979	1737.42
4.49	6758	7226	6996	1737.42
4.5	6776	7243	7014	1737.42
4.51	6794	7260	7031	1737.42
4.52	6812	7277	7048	1737.42
4.53	6829	7294	7066	1737.42
4.54	6847	7311	7083	1737.42
4.55	6864	7328	7101	1737.42
4.56	6882	7344	7118	1737.42
4.57	6900	7362	7135	1737.42
4.58	6917	7379	7153	1737.42
4.59	6935	7396	7170	1737.42
4.6	6953	7413	7187	1737.42
4.61	6971	7430	7205	1737.42
4.62	6988	7447	7222	1737.42
4.63	7007	7464	7240	1737.42
4.64	7024	7481	7257	1737.42
4.65	7042	7497	7274	1737.42
4.66	7059	7514	7292	1737.42
4.67	7077	7531	7309	1737.42
4.68	7095	7548	7326	1737.42
4.69	7113	7565	7344	1737.42
4.7	7131	7582	7361	1737.42
4.71	7149	7599	7379	1737.42
4.72	7166	7616	7396	1737.42
4.73	7184	7633	7413	1737.42
4.74	7202	7651	7431	1737.42
4.75	7220	7668	7448	1737.42
4.76	7238	7685	7465	1737.42
4.77	7256	7702	7483	1737.42
4.78	7274	7719	7500	1737.42
4.79	7291	7737	7518	1737.42
4.8	7309	7754	7535	1737.42
4.81	7327	7771	7552	1737.42
4.82	7344	7787	7570	1737.42
4.83	7362	7804	7587	1737.42
4.84	7380	7821	7604	1737.42
4.85	7398	7839	7622	1737.42
4.86	7416	7856	7639	1737.42
4.87	7433	7873	7656	1737.42
4.88	7451	7890	7674	1737.42
4.89	7469	7907	7691	1737.42
4.9	7486	7924	7709	1737.42
4.91	7503	7941	7726	1737.42
4.92	7521	7958	7743	1737.42
4.93	7539	7975	7761	1737.42
4.94	7557	7992	7778	1737.42
4.95	7574	8009	7795	1737.42
4.96	7592	8026	7813	1737.42
4.97	7610	8043	7830	1737.42
4.98	7628	8060	7848	1737.42
4.99	7645	8077	7865	1737.42
5	7663	8094	7882	1737.42
5.01	7680	8111	7900	1737.42
5.02	7698	8128	7917	1737.42
5.03	7716	8146	7934	1737.42
5.04	7733	8163	7952	1737.42
5.05	7751	8180	7969	1737.42
5.06	7769	8197	7987	1737.42
5.07	7787	8214	8004	1737.42
5.08	7804	8231	8021	1737.42
5.09	7822	8248	8039	1737.42
5.1	7839	8265	8056	1737.42
5.11	7857	8282	8073	1737.42
5.12	7874	8299	8091	1737.42
5.13	7892	8316	8108	1737.42
5.14	7910	8333	8126	1737.42
5.15	7927	8351	8143	1737.42
5.16	7944	8368	8160	1737.42
5.17	7962	8385	8178	1737.42
5.18	7980	8402	8195	1737.42
5.19	7997	8420	8212	1737.42
5.2	8014	8437	8230	1737.42
5.21	8032	8454	8247	1737.42
5.22	8050	8471	8265	1737.42
5.23	8067	8488	8282	1737.42
5.24	8085	8506	8299	1737.42
5.25	8103	8523	8317	1737.42
5.26	8120	8540	8334	1737.42
5.27	8138	8556	8351	1737.42
5.28	8155	8573	8369	1737.42
5.29	8173	8590	8386	1737.42
5.3	8191	8608	8404	1737.42
5.31	8208	8624	8421	1737.42
5.32	8226	8641	8438	1737.42
5.33	8243	8659	8456	1737.42
5.34	8261	8676	8473	1737.42
5.35	8278	8693	8490	1737.42
5.36	8296	8711	8508	1737.42
5.37	8314	8728	8525	1737.42
5.38	8331	8745	8543	1737.42
5.39	8349	8762	8560	1737.42
5.4	8367	8779	8577	1737.42
5.41	8384	8796	8595	1737.42
5.42	8402	8813	8612	1737.42
5.43	8420	8831	8629	1737.42
5.44	8437	8848	8647	1737.42
5.45	8455	8865	8664	1737.42
5.46	8473	8883	8682	1737.42
5.47	8490	8899	8699	1737.42
5.48	8508	8917	8716	1737.42
5.49	8526	8934	8734	1737.42
5.5	8543	8951	8751	1737.42
5.51	8561	8968	8768	1737.42
5.52	8578	8985	8786	1737.42
5.53	8596	9003	8803	1737.42
5.54	8614	9020	8821	1737.42
5.55	8632	9037	8838	1737.42
5.56	8649	9054	8855	1737.42
5.57	8667	9071	8873	1737.42
5.58	8684	9088	8890	1737.42
5.59	8702	9106	8907	1737.42
5.6	8720	9123	8925	1737.42
5.61	8737	9140	8942	1737.42
5.62	8755	9158	8960	1737.42
5.63	8773	9175	8977	1737.42
5.64	8790	9192	8994	1737.42
5.65	8808	9210	9012	1737.42
5.66	8825	9226	9029	1737.42
5.67	8843	9243	9046	1737.42
5.68	8861	9261	9064	1737.42
5.69	8878	9278	9081	1737.42
5.7	8895	9295	9099	1737.42
5.71	8913	9312	9116	1737.42
5.72	8931	9330	9133	1737.42
5.73	8948	9347	9151	1737.42
5.74	8966	9365	9168	1737.42
5.75	8983	9382	9185	1737.42
5.76	9001	9399	9203	1737.42
5.77	9018	9417	9220	1737.42
5.78	9036	9434	9238	1737.42
5.79	9053	9451	9255	1737.42
5.8	9070	9469	9272	1737.42
5.81	9088	9486	9290	1737.42
5.82	9106	9503	9307	1737.42
5.83	9124	9521	9324	1737.42
5.84	9141	9538	9342	1737.42
5.85	9159	9555	9359	1737.42
5.86	9177	9572	9377	1737.42
5.87	9194	9589	9394	1737.42
5.88	9211	9606	9411	1737.42
5.89	9229	9623	9429	1737.42
5.9	9246	9641	9446	1737.42
5.91	9264	9658	9463	1737.42
5.92	9281	9675	9481	1737.42
5.93	9298	9692	9498	1737.42
5.94	9316	9709	9516	1737.42
5.95	9333	9727	9533	1737.42
5.96	9350	9744	9550	1737.42
5.97	9368	9761	9568	1737.42
5.98	9385	9778	9585	1737.42
5.99	9402	9795	9602	1737.42
6	9420	9812	9620	1737.42
6.01	9438	9830	9637	1737.42
6.02	9455	9847	9655	1737.42
6.03	9473	9864	9672	1737.42
6.04	9490	9882	9689	1737.42
6.05	9508	9899	9707	1737.42
6.06	9525	9916	9724	1737.42
6.07	9542	9934	9741	1737.42
6.08	9560	9951	9759	1737.42
6.09	9577	9968	9776	1737.42
6.1	9595	9986	9794	1737.42
6.11	9612	10003	9811	1737.42
6.12	9629	10021	9828	1737.42
6.13	9646	10038	9846	1737.42
6.14	9664	10055	9863	1737.42
6.15	9681	10072	9880	1737.42
6.16	9698	10089	9898	1737.42
6.17	9715	10107	9915	1737.42
6.18	9733	10124	9933	1737.42
6.19	9751	10141	9950	1737.42
6.2	9768	10158	9967	1737.42
6.21	9785	10175	9985	1737.42
6.22	9803	10192	10002	1737.42
6.23	9820	10209	10019	1737.42
6.24	9837	10227	10037	1737.42
6.25	9855	10244	10054	1737.42
6.26	9872	10261	10072	1737.42
6.27	9889	10278	10089	1737.42
6.28	9907	10296	10106	1737.42
6.29	9924	10313	10124	1737.42
6.3	9942	10330	10141	1737.42
6.31	9959	10347	10158	1737.42
6.32	9977	10364	10176	1737.42
6.33	9994	10382	10193	1737.42
6.34	10011	10399	10211	1737.42
6.35	10028	10416	10228	1737.42
6.36	10046	10433	10245	1737.42
6.37	10063	10450	10263	1737.42
6.38	10080	10467	10280	1737.42
6.39	10098	10485	10297	1737.42
6.4	10116	10502	10315	1737.42
6.41	10133	10520	10332	1737.42
6.42	10151	10537	10349	1737.42
6.43	10168	10555	10367	1737.42
6.44	10185	10572	10384	1737.42
6.45	10203	10589	10402	1737.42
6.46	10220	10606	10419	1737.42
6.47	10237	10624	10436	1737.42
6.48	10255	10641	10454	1737.42
6.49	10272	10658	10471	1737.42
6.5	10289	10675	10488	1737.42
6.51	10306	10693	10506	1737.42
6.52	10323	10711	10523	1737.42
6.53	10340	10728	10541	1737.42
6.54	10358	10745	10558	1737.42
6.55	10375	10762	10575	1737.42
6.56	10393	10780	10593	1737.42
6.57	10410	10797	10610	1737.42
6.58	10428	10814	10627	1737.42
6.59	10445	10832	10645	1737.42
6.6	10463	10849	10662	1737.42
6.61	10480	10866	10680	1737.42
6.62	10498	10883	10697	1737.42
6.63	10515	10901	10714	1737.42
6.64	10532	10918	10732	1737.42
6.65	10549	10935	10749	1737.42
6.66	10567	10953	10766	1737.42
6.67	10584	10970	10784	1737.42
6.68	10601	10987	10801	1737.42
6.69	10619	11005	10819	1737.42
6.7	10636	11022	10836	1737.42
6.71	10654	11039	10853	1737.42
6.72	10671	11056	10871	1737.42
6.73	10688	11074	10888	1737.42
6.74	10706	11091	10905	1737.42
6.75	10723	11108	10923	1737.42
6.76	10741	11125	10940	1737.42
6.77	10758	11142	10958	1737.42
6.78	10775	11160	10975	1737.42
6.79	10793	11177	10992	1737.42
6.8	10810	11195	11010	1737.42
6.81	10827	11212	11027	1737.42
6.82	10845	11230	11044	1737.42
6.83	10862	11247	11062	1737.42
6.84	10879	11265	11079	1737.42
6.85	10897	11282	11097	1737.42
6.86	10914	11300	11114	1737.42
6.87	10931	11317	11131	1737.42
6.88	10949	11334	11149	1737.42
6.89	10966	11352	11166	1737.42
6.9	10983	11369	11183	1737.42
6.91	11000	11387	11201	1737.42
6.92	11018	11404	11218	1737.42
6.93	11035	11422	11236	1737.42
6.94	11052	11439	11253	1737.42
6.95	11070	11456	11270	1737.42
6.96	11087	11474	11288	1737.42
6.97	11104	11491	11305	1737.42
6.98	11122	11509	11322	1737.42
6.99	11139	11526	11340	1737.42
7	11156	11543	11357	1737.42
7.01	11173	11561	11375	1737.42
7.02	11191	11578	11392	1737.42
7.03	11208	11595	11409	1737.42
7.04	11225	11613	11427	1737.42
7.05	11243	11630	11444	1737.42
7.06	11260	11648	11461	1737.42
7.07	11278	11665	11479	1737.42
7.08	11295	11683	11496	1737.42
7.09	11312	11701	11514	1737.42
7.1	11329	11718	11531	1737.42
7.11	11347	11735	11548	1737.42
7.12	11364	11753	11566	1737.42
7.13	11381	11770	11583	1737.42
7.14	11399	11787	11600	1737.42
7.15	11416	11805	11618	1737.42
7.16	11434	11822	11635	1737.42
7.17	11451	11839	11653	1737.42
7.18	11468	11857	11670	1737.42
7.19	11486	11875	11687	1737.42
7.2	11503	11892	11705	1737.42
7.21	11520	11910	11722	1737.42
7.22	11538	11927	11739	1737.42
7.23	11555	11945	11757	1737.42
7.24	11572	11962	11774	1737.42
7.25	11589	11980	11792	1737.42
7.26	11607	11997	11809	1737.42
7.27	11624	12015	11826	1737.42
7.28	11641	12033	11844	1737.42
7.29	11659	12050	11861	1737.42
7.3	11676	12068	11878	1737.42
7.31	11694	12085	11896	1737.42
7.32	11711	12103	11913	1737.42
7.78	12506	12902	12712	NA
